Vessel, Departing, Arriving, Scheduled Depart, Actual Depart, Est. Arrival, Date 
Spokane,Kingston,Edmonds,05:30,05:36,05:58,11/24/2025,
Spokane,Edmonds,Kingston,06:15,06:16,06:39,11/24/2025,
Spokane,Kingston,Edmonds,07:00,07:02,07:24,11/24/2025,
Spokane,Edmonds,Kingston,07:55,07:56,08:18,11/24/2025,
Spokane,Kingston,Edmonds,08:40,08:42,09:03,11/24/2025,
Spokane,Edmonds,Kingston,09:35,09:35,09:57,11/24/2025,
Spokane,Kingston,Edmonds,10:20,10:22,10:43,11/24/2025,
Spokane,Edmonds,Kingston,11:05,11:05,11:28,11/24/2025,
Spokane,Kingston,Edmonds,11:55,11:56,12:17,11/24/2025,
Spokane,Edmonds,Kingston,12:40,12:42,13:03,11/24/2025,
Spokane,Kingston,Edmonds,13:30,13:31,13:52,11/24/2025,
Spokane,Edmonds,Kingston,14:25,14:26,14:48,11/24/2025,
Spokane,Kingston,Edmonds,15:10,15:11,15:32,11/24/2025,
Spokane,Edmonds,Kingston,15:55,15:57,16:18,11/24/2025,
Spokane,Kingston,Edmonds,16:40,16:41,17:09,11/24/2025,
Spokane,Edmonds,Kingston,17:25,17:27,17:49,11/24/2025,
Spokane,Kingston,Edmonds,18:10,18:11,18:32,11/24/2025,
Spokane,Edmonds,Kingston,19:00,19:01,19:22,11/24/2025,
Spokane,Kingston,Edmonds,19:45,19:46,20:07,11/24/2025,
Spokane,Edmonds,Kingston,20:30,20:31,20:52,11/24/2025,
Spokane,Kingston,Edmonds,05:30,05:41,06:03,11/25/2025,
Spokane,Edmonds,Kingston,06:15,06:18,06:40,11/25/2025,
Spokane,Kingston,Edmonds,07:00,07:02,07:24,11/25/2025,
Spokane,Edmonds,Kingston,07:55,07:57,08:20,11/25/2025,
Spokane,Kingston,Edmonds,08:40,08:41,09:04,11/25/2025,
Spokane,Edmonds,Kingston,09:35,09:35,09:57,11/25/2025,
Spokane,Kingston,Edmonds,10:20,10:21,10:42,11/25/2025,
Spokane,Edmonds,Kingston,11:05,11:06,11:28,11/25/2025,
Spokane,Kingston,Edmonds,11:55,11:56,12:17,11/25/2025,
Spokane,Edmonds,Kingston,12:40,12:41,13:04,11/25/2025,
Spokane,Kingston,Edmonds,13:30,13:32,13:53,11/25/2025,
Spokane,Edmonds,Kingston,14:25,14:26,14:50,11/25/2025,
Spokane,Kingston,Edmonds,15:10,15:12,15:34,11/25/2025,
Spokane,Edmonds,Kingston,15:55,16:39,16:45,11/25/2025,
Spokane,Kingston,Edmonds,16:40,16:53,17:04,11/25/2025,
Spokane,Edmonds,Kingston,17:25,17:28,17:50,11/25/2025,
Spokane,Kingston,Edmonds,18:10,18:15,18:40,11/25/2025,
Spokane,Edmonds,Kingston,19:00,19:03,19:25,11/25/2025,
Spokane,Kingston,Edmonds,19:45,19:46,20:07,11/25/2025,
Spokane,Edmonds,Kingston,20:30,20:32,20:53,11/25/2025,
Spokane,Kingston,Edmonds,21:40,22:18,22:39,11/25/2025,
Spokane,Edmonds,Kingston,22:25,22:51,23:12,11/25/2025,
Spokane,Kingston,Edmonds,23:10,23:20,23:41,11/25/2025,
Spokane,Edmonds,Kingston,23:45,23:51,00:12,11/25/2025,
Spokane,Kingston,Edmonds,05:30,05:35,05:56,11/26/2025,
Spokane,Edmonds,Kingston,06:15,06:16,06:39,11/26/2025,
Spokane,Kingston,Edmonds,07:00,07:01,07:23,11/26/2025,
Spokane,Edmonds,Kingston,07:55,07:57,08:19,11/26/2025,
Spokane,Kingston,Edmonds,08:40,08:42,09:04,11/26/2025,
Spokane,Edmonds,Kingston,09:35,10:06,10:21,11/26/2025,
Spokane,Kingston,Edmonds,10:20,10:31,10:45,11/26/2025,
Spokane,Edmonds,Kingston,11:05,11:08,11:30,11/26/2025,
Spokane,Kingston,Edmonds,11:55,11:57,12:18,11/26/2025,
Spokane,Edmonds,Kingston,12:40,12:46,13:08,11/26/2025,
Spokane,Kingston,Edmonds,13:30,13:34,13:55,11/26/2025,
Spokane,Edmonds,Kingston,14:25,14:26,14:48,11/26/2025,
Spokane,Kingston,Edmonds,15:10,15:14,15:36,11/26/2025,
Spokane,Edmonds,Kingston,15:55,16:02,16:23,11/26/2025,
Spokane,Kingston,Edmonds,16:40,16:45,17:07,11/26/2025,
Spokane,Edmonds,Kingston,17:25,17:31,17:53,11/26/2025,
Spokane,Kingston,Edmonds,18:10,18:11,18:33,11/26/2025,
Spokane,Edmonds,Kingston,19:00,19:03,19:24,11/26/2025,
Spokane,Kingston,Edmonds,19:45,19:46,20:08,11/26/2025,
Spokane,Edmonds,Kingston,20:30,20:32,20:53,11/26/2025,
Spokane,Kingston,Edmonds,21:40,22:14,22:35,11/26/2025,
Spokane,Edmonds,Kingston,22:25,22:47,23:08,11/26/2025,
Spokane,Kingston,Edmonds,23:10,23:18,23:38,11/26/2025,
Spokane,Edmonds,Kingston,23:45,23:47,00:08,11/26/2025,
Spokane,Kingston,Edmonds,07:00,07:12,07:38,11/27/2025,
Spokane,Edmonds,Kingston,07:55,07:57,08:17,11/27/2025,
Spokane,Kingston,Edmonds,08:40,08:41,09:03,11/27/2025,
Spokane,Edmonds,Kingston,09:35,09:36,09:57,11/27/2025,
Spokane,Kingston,Edmonds,10:20,10:21,10:42,11/27/2025,
Spokane,Edmonds,Kingston,11:05,11:08,11:30,11/27/2025,
Spokane,Kingston,Edmonds,11:55,11:59,12:21,11/27/2025,
Spokane,Edmonds,Kingston,12:40,12:55,13:17,11/27/2025,
Spokane,Kingston,Edmonds,13:30,13:44,14:05,11/27/2025,
Spokane,Edmonds,Kingston,14:25,14:28,14:50,11/27/2025,
Spokane,Kingston,Edmonds,15:10,15:25,15:57,11/27/2025,
Spokane,Edmonds,Kingston,15:55,16:21,16:25,11/27/2025,
Spokane,Kingston,Edmonds,16:40,16:43,17:05,11/27/2025,
Spokane,Edmonds,Kingston,17:25,17:27,17:48,11/27/2025,
Spokane,Kingston,Edmonds,18:10,18:13,18:35,11/27/2025,
Spokane,Edmonds,Kingston,19:00,19:02,19:23,11/27/2025,
Spokane,Kingston,Edmonds,19:45,19:47,20:09,11/27/2025,
Spokane,Edmonds,Kingston,20:30,20:36,20:58,11/27/2025,
Spokane,Kingston,Edmonds,21:10,21:24,21:46,11/27/2025,
Spokane,Edmonds,Kingston,21:50,22:09,22:31,11/27/2025,
Spokane,Kingston,Edmonds,05:30,05:35,05:57,11/28/2025,
Spokane,Edmonds,Kingston,06:15,06:16,06:38,11/28/2025,
Spokane,Kingston,Edmonds,07:00,07:01,07:23,11/28/2025,
Spokane,Edmonds,Kingston,07:55,07:56,08:18,11/28/2025,
Spokane,Kingston,Edmonds,08:40,08:41,09:04,11/28/2025,
Spokane,Edmonds,Kingston,09:35,09:37,10:00,11/28/2025,
Spokane,Kingston,Edmonds,10:20,10:28,10:50,11/28/2025,
Spokane,Edmonds,Kingston,11:05,11:16,11:38,11/28/2025,
Spokane,Kingston,Edmonds,11:55,12:06,12:28,11/28/2025,
Spokane,Edmonds,Kingston,12:40,12:51,13:13,11/28/2025,
Spokane,Kingston,Edmonds,13:30,13:41,14:04,11/28/2025,
Spokane,Edmonds,Kingston,14:25,14:27,14:51,11/28/2025,
Spokane,Kingston,Edmonds,15:10,15:15,15:37,11/28/2025,
Spokane,Edmonds,Kingston,15:55,16:02,16:24,11/28/2025,
Spokane,Kingston,Edmonds,16:40,16:47,17:11,11/28/2025,
Spokane,Edmonds,Kingston,17:25,17:31,17:52,11/28/2025,
Spokane,Kingston,Edmonds,18:10,18:13,18:36,11/28/2025,
Spokane,Edmonds,Kingston,19:00,19:01,19:23,11/28/2025,
Spokane,Kingston,Edmonds,19:45,19:45,20:08,11/28/2025,
Spokane,Edmonds,Kingston,20:30,20:31,20:52,11/28/2025,
Spokane,Kingston,Edmonds,21:10,21:12,21:32,11/28/2025,
Spokane,Edmonds,Kingston,21:50,21:51,22:13,11/28/2025,
Spokane,Kingston,Edmonds,22:30,22:30,22:52,11/28/2025,
Spokane,Edmonds,Kingston,23:10,23:11,23:32,11/28/2025,
Spokane,Kingston,Edmonds,07:00,07:02,07:24,11/29/2025,
Spokane,Edmonds,Kingston,07:55,07:56,08:17,11/29/2025,
Spokane,Kingston,Edmonds,08:40,08:41,09:03,11/29/2025,
Spokane,Edmonds,Kingston,09:35,09:36,09:59,11/29/2025,
Spokane,Kingston,Edmonds,10:20,10:22,10:44,11/29/2025,
Spokane,Edmonds,Kingston,11:05,11:07,11:28,11/29/2025,
Spokane,Kingston,Edmonds,11:55,11:57,12:17,11/29/2025,
Spokane,Edmonds,Kingston,12:40,12:47,13:08,11/29/2025,
Spokane,Kingston,Edmonds,13:30,13:36,13:57,11/29/2025,
Spokane,Edmonds,Kingston,14:25,14:26,14:48,11/29/2025,
Spokane,Kingston,Edmonds,15:10,15:12,15:34,11/29/2025,
Spokane,Edmonds,Kingston,15:55,15:59,16:22,11/29/2025,
Spokane,Kingston,Edmonds,16:40,16:43,17:05,11/29/2025,
Spokane,Edmonds,Kingston,17:25,17:26,17:49,11/29/2025,
Spokane,Kingston,Edmonds,18:10,18:11,18:34,11/29/2025,
Spokane,Edmonds,Kingston,19:00,19:01,19:24,11/29/2025,
Spokane,Kingston,Edmonds,19:45,19:46,20:08,11/29/2025,
Spokane,Edmonds,Kingston,20:30,20:31,20:56,11/29/2025,
Spokane,Kingston,Edmonds,21:10,21:14,21:35,11/29/2025,
Spokane,Edmonds,Kingston,21:50,21:52,22:13,11/29/2025,
Spokane,Kingston,Edmonds,23:10,23:31,23:54,11/29/2025,
Spokane,Edmonds,Kingston,23:45,00:01,00:24,11/29/2025,
Spokane,Kingston,Edmonds,07:00,07:10,07:32,11/30/2025,
Spokane,Edmonds,Kingston,07:55,07:56,08:17,11/30/2025,
Spokane,Kingston,Edmonds,08:40,08:43,09:05,11/30/2025,
Spokane,Edmonds,Kingston,09:35,09:37,09:58,11/30/2025,
Spokane,Kingston,Edmonds,10:20,10:22,10:45,11/30/2025,
Spokane,Edmonds,Kingston,11:05,11:08,11:28,11/30/2025,
Spokane,Kingston,Edmonds,11:55,11:56,12:20,11/30/2025,
Spokane,Edmonds,Kingston,12:40,12:42,13:02,11/30/2025,
Spokane,Kingston,Edmonds,13:30,13:31,13:52,11/30/2025,
Spokane,Edmonds,Kingston,14:25,14:26,14:48,11/30/2025,
Spokane,Kingston,Edmonds,15:10,15:12,15:33,11/30/2025,
Spokane,Edmonds,Kingston,15:55,15:56,16:17,11/30/2025,
Spokane,Kingston,Edmonds,16:40,16:41,17:03,11/30/2025,
Spokane,Edmonds,Kingston,17:25,17:27,17:47,11/30/2025,
Spokane,Kingston,Edmonds,18:10,18:11,18:33,11/30/2025,
Spokane,Edmonds,Kingston,19:00,19:02,19:23,11/30/2025,
Spokane,Kingston,Edmonds,19:45,19:46,20:08,11/30/2025,
Spokane,Edmonds,Kingston,20:30,20:30,20:51,11/30/2025,
Spokane,Kingston,Edmonds,21:10,21:11,21:33,11/30/2025,
Spokane,Edmonds,Kingston,21:50,21:51,22:12,11/30/2025,
Spokane,Kingston,Edmonds,22:30,22:31,22:52,11/30/2025,
Spokane,Edmonds,Kingston,23:10,23:10,23:32,11/30/2025,
Spokane,Kingston,Edmonds,05:30,05:39,06:03,12/01/2025,
Spokane,Edmonds,Kingston,06:15,06:17,06:45,12/01/2025,
Spokane,Kingston,Edmonds,07:00,07:03,07:26,12/01/2025,
Spokane,Edmonds,Kingston,07:55,07:56,08:19,12/01/2025,
Spokane,Kingston,Edmonds,08:40,08:41,09:04,12/01/2025,
Spokane,Edmonds,Kingston,09:35,09:36,09:59,12/01/2025,
Spokane,Kingston,Edmonds,10:20,10:21,10:42,12/01/2025,
Spokane,Edmonds,Kingston,11:05,11:07,11:33,12/01/2025,
Spokane,Kingston,Edmonds,11:55,11:58,12:20,12/01/2025,
Spokane,Edmonds,Kingston,12:40,12:40,13:01,12/01/2025,
Spokane,Kingston,Edmonds,13:30,13:30,13:51,12/01/2025,
Spokane,Edmonds,Kingston,14:25,14:28,14:50,12/01/2025,
Spokane,Kingston,Edmonds,15:10,15:11,15:34,12/01/2025,
Spokane,Edmonds,Kingston,15:55,15:57,16:18,12/01/2025,
Spokane,Kingston,Edmonds,16:40,16:41,17:04,12/01/2025,
Spokane,Edmonds,Kingston,17:25,17:26,17:48,12/01/2025,
Spokane,Kingston,Edmonds,18:10,18:11,18:33,12/01/2025,
Spokane,Edmonds,Kingston,19:00,19:02,19:24,12/01/2025,
Spokane,Kingston,Edmonds,19:45,19:46,20:07,12/01/2025,
Spokane,Edmonds,Kingston,20:30,20:31,20:51,12/01/2025,
Spokane,Kingston,Edmonds,05:30,05:36,05:59,12/02/2025,
Spokane,Edmonds,Kingston,06:15,06:17,06:40,12/02/2025,
Spokane,Kingston,Edmonds,07:00,07:02,07:29,12/02/2025,
Spokane,Edmonds,Kingston,07:55,07:56,08:18,12/02/2025,
Spokane,Kingston,Edmonds,08:40,08:42,09:07,12/02/2025,
Spokane,Edmonds,Kingston,09:35,09:36,09:58,12/02/2025,
Spokane,Kingston,Edmonds,10:20,10:22,10:43,12/02/2025,
Spokane,Edmonds,Kingston,11:05,11:05,11:26,12/02/2025,
Spokane,Kingston,Edmonds,11:55,11:58,12:19,12/02/2025,
Spokane,Edmonds,Kingston,12:40,12:41,13:04,12/02/2025,
Spokane,Kingston,Edmonds,13:30,13:32,13:55,12/02/2025,
Spokane,Edmonds,Kingston,14:25,14:26,14:47,12/02/2025,
Spokane,Kingston,Edmonds,15:10,15:12,15:34,12/02/2025,
Spokane,Edmonds,Kingston,15:55,16:20,16:30,12/02/2025,
Spokane,Kingston,Edmonds,16:40,16:42,17:04,12/02/2025,
Spokane,Edmonds,Kingston,17:25,17:26,17:48,12/02/2025,
Spokane,Kingston,Edmonds,18:10,18:12,18:34,12/02/2025,
Spokane,Edmonds,Kingston,19:00,19:01,19:23,12/02/2025,
Spokane,Kingston,Edmonds,19:45,19:46,20:08,12/02/2025,
Spokane,Edmonds,Kingston,20:30,20:34,20:53,12/02/2025,
Spokane,Kingston,Edmonds,21:40,22:08,22:29,12/02/2025,
Spokane,Edmonds,Kingston,22:25,22:41,23:02,12/02/2025,
Spokane,Kingston,Edmonds,23:10,23:12,23:33,12/02/2025,
Spokane,Edmonds,Kingston,23:45,23:45,00:06,12/02/2025,
Spokane,Kingston,Edmonds,05:30,05:36,05:57,12/03/2025,
Spokane,Edmonds,Kingston,06:15,06:16,06:37,12/03/2025,
Spokane,Kingston,Edmonds,07:00,07:01,07:23,12/03/2025,
Spokane,Edmonds,Kingston,07:55,07:56,08:18,12/03/2025,
Spokane,Kingston,Edmonds,08:40,09:10,09:13,12/03/2025,
Spokane,Edmonds,Kingston,09:35,09:36,09:58,12/03/2025,
Spokane,Kingston,Edmonds,10:20,10:21,10:42,12/03/2025,
Spokane,Edmonds,Kingston,11:05,11:07,11:28,12/03/2025,
Spokane,Kingston,Edmonds,11:55,11:57,12:21,12/03/2025,
Spokane,Edmonds,Kingston,12:40,12:41,13:02,12/03/2025,
Spokane,Kingston,Edmonds,13:30,13:32,13:55,12/03/2025,
Spokane,Edmonds,Kingston,14:25,14:27,14:52,12/03/2025,
Spokane,Kingston,Edmonds,15:10,15:14,15:35,12/03/2025,
Spokane,Edmonds,Kingston,15:55,15:57,16:19,12/03/2025,
Spokane,Kingston,Edmonds,16:40,16:42,17:02,12/03/2025,
Spokane,Edmonds,Kingston,17:25,17:26,17:47,12/03/2025,
Spokane,Kingston,Edmonds,18:10,18:11,18:35,12/03/2025,
Spokane,Edmonds,Kingston,19:00,19:03,19:24,12/03/2025,
Spokane,Kingston,Edmonds,19:45,19:46,20:07,12/03/2025,
Spokane,Edmonds,Kingston,20:30,20:31,20:51,12/03/2025,
Spokane,Kingston,Edmonds,21:40,22:11,22:32,12/03/2025,
Spokane,Edmonds,Kingston,22:25,22:44,23:05,12/03/2025,
Spokane,Kingston,Edmonds,23:10,23:14,23:35,12/03/2025,
Spokane,Edmonds,Kingston,23:45,23:49,00:10,12/03/2025,
Spokane,Kingston,Edmonds,05:30,05:38,06:06,12/04/2025,
Spokane,Edmonds,Kingston,06:15,06:20,06:41,12/04/2025,
Spokane,Kingston,Edmonds,07:00,07:02,07:23,12/04/2025,
Spokane,Edmonds,Kingston,07:55,07:56,08:17,12/04/2025,
Spokane,Kingston,Edmonds,08:40,08:42,09:06,12/04/2025,
Spokane,Edmonds,Kingston,09:35,09:39,10:01,12/04/2025,
Spokane,Kingston,Edmonds,10:20,10:22,10:44,12/04/2025,
Spokane,Edmonds,Kingston,11:05,11:06,11:27,12/04/2025,
Spokane,Kingston,Edmonds,11:55,11:56,12:18,12/04/2025,
Spokane,Edmonds,Kingston,12:40,12:41,13:02,12/04/2025,
Spokane,Kingston,Edmonds,13:30,13:32,13:57,12/04/2025,
Spokane,Edmonds,Kingston,14:25,14:27,14:49,12/04/2025,
Spokane,Kingston,Edmonds,15:10,15:17,15:38,12/04/2025,
Spokane,Edmonds,Kingston,15:55,16:11,16:26,12/04/2025,
Spokane,Kingston,Edmonds,16:40,16:50,17:11,12/04/2025,
Spokane,Edmonds,Kingston,17:25,17:29,17:51,12/04/2025,
Spokane,Kingston,Edmonds,18:10,18:13,18:33,12/04/2025,
Spokane,Edmonds,Kingston,19:00,19:01,19:22,12/04/2025,
Spokane,Kingston,Edmonds,19:45,19:47,20:09,12/04/2025,
Spokane,Edmonds,Kingston,20:30,20:31,20:52,12/04/2025,
Spokane,Kingston,Edmonds,21:40,22:09,22:30,12/04/2025,
Spokane,Edmonds,Kingston,22:25,22:39,23:01,12/04/2025,
Spokane,Kingston,Edmonds,23:10,23:10,23:31,12/04/2025,
Spokane,Edmonds,Kingston,23:45,23:46,00:07,12/04/2025,
Spokane,Kingston,Edmonds,05:30,05:36,05:56,12/05/2025,
Spokane,Edmonds,Kingston,06:15,06:17,06:40,12/05/2025,
Spokane,Kingston,Edmonds,07:00,07:01,07:23,12/05/2025,
Spokane,Edmonds,Kingston,07:55,07:56,08:18,12/05/2025,
Spokane,Kingston,Edmonds,08:40,08:42,09:03,12/05/2025,
Spokane,Edmonds,Kingston,09:35,09:37,10:06,12/05/2025,
Spokane,Kingston,Edmonds,10:20,10:22,10:42,12/05/2025,
Spokane,Edmonds,Kingston,11:05,11:07,11:29,12/05/2025,
Spokane,Kingston,Edmonds,11:55,11:56,12:17,12/05/2025,
Spokane,Edmonds,Kingston,12:40,12:40,13:02,12/05/2025,
Spokane,Kingston,Edmonds,13:30,13:31,13:53,12/05/2025,
Spokane,Edmonds,Kingston,14:25,14:26,14:48,12/05/2025,
Spokane,Kingston,Edmonds,15:10,15:11,15:33,12/05/2025,
Spokane,Edmonds,Kingston,15:55,15:56,16:18,12/05/2025,
Spokane,Kingston,Edmonds,16:40,16:42,17:03,12/05/2025,
Spokane,Edmonds,Kingston,17:25,17:26,17:48,12/05/2025,
Spokane,Kingston,Edmonds,18:10,18:11,18:32,12/05/2025,
Spokane,Edmonds,Kingston,19:00,19:00,19:27,12/05/2025,
Spokane,Kingston,Edmonds,19:45,19:47,20:08,12/05/2025,
Spokane,Edmonds,Kingston,20:30,20:31,20:52,12/05/2025,
Spokane,Kingston,Edmonds,21:10,21:12,21:35,12/05/2025,
Spokane,Edmonds,Kingston,21:50,21:51,22:15,12/05/2025,
Spokane,Kingston,Edmonds,22:30,22:32,22:53,12/05/2025,
Spokane,Edmonds,Kingston,23:10,23:11,23:32,12/05/2025,
Spokane,Kingston,Edmonds,07:00,07:04,07:25,12/06/2025,
Spokane,Edmonds,Kingston,07:55,07:56,08:18,12/06/2025,
Spokane,Kingston,Edmonds,08:40,08:42,09:02,12/06/2025,
Spokane,Edmonds,Kingston,09:35,09:36,09:58,12/06/2025,
Spokane,Kingston,Edmonds,10:20,10:21,10:42,12/06/2025,
Spokane,Edmonds,Kingston,11:05,11:10,11:31,12/06/2025,
Spokane,Kingston,Edmonds,11:55,11:56,12:17,12/06/2025,
Spokane,Edmonds,Kingston,12:40,12:42,13:04,12/06/2025,
Spokane,Kingston,Edmonds,13:30,13:31,13:53,12/06/2025,
Spokane,Edmonds,Kingston,14:25,14:27,14:48,12/06/2025,
Spokane,Kingston,Edmonds,15:10,15:16,15:42,12/06/2025,
Spokane,Edmonds,Kingston,15:55,16:07,16:29,12/06/2025,
Spokane,Kingston,Edmonds,16:40,16:56,17:17,12/06/2025,
Spokane,Edmonds,Kingston,17:25,17:39,18:00,12/06/2025,
Spokane,Kingston,Edmonds,18:10,18:22,18:43,12/06/2025,
Spokane,Edmonds,Kingston,19:00,19:02,19:24,12/06/2025,
Spokane,Kingston,Edmonds,19:45,19:47,20:08,12/06/2025,
Spokane,Edmonds,Kingston,20:30,20:31,20:52,12/06/2025,
Spokane,Kingston,Edmonds,21:10,21:12,21:34,12/06/2025,
Spokane,Edmonds,Kingston,21:50,21:51,22:12,12/06/2025,
Spokane,Kingston,Edmonds,07:00,07:12,07:32,12/07/2025,
Spokane,Edmonds,Kingston,07:55,07:56,08:17,12/07/2025,
Spokane,Kingston,Edmonds,08:40,08:43,09:04,12/07/2025,
Spokane,Edmonds,Kingston,09:35,09:35,09:57,12/07/2025,
Spokane,Kingston,Edmonds,10:20,10:23,10:45,12/07/2025,
Spokane,Edmonds,Kingston,11:05,11:07,11:29,12/07/2025,
Spokane,Kingston,Edmonds,11:55,11:57,12:19,12/07/2025,
Spokane,Edmonds,Kingston,12:40,12:42,13:04,12/07/2025,
Spokane,Kingston,Edmonds,13:30,13:32,13:52,12/07/2025,
Spokane,Edmonds,Kingston,14:25,14:27,14:49,12/07/2025,
Spokane,Kingston,Edmonds,15:10,15:14,15:36,12/07/2025,
Spokane,Edmonds,Kingston,15:55,15:58,16:20,12/07/2025,
Spokane,Kingston,Edmonds,16:40,16:41,17:01,12/07/2025,
Spokane,Edmonds,Kingston,17:25,17:26,17:47,12/07/2025,
Spokane,Kingston,Edmonds,18:10,18:10,18:31,12/07/2025,
Spokane,Edmonds,Kingston,19:00,19:01,19:24,12/07/2025,
Spokane,Kingston,Edmonds,19:45,19:46,20:06,12/07/2025,
Spokane,Edmonds,Kingston,20:30,20:31,20:54,12/07/2025,
Spokane,Kingston,Edmonds,21:10,21:11,21:31,12/07/2025,
Spokane,Edmonds,Kingston,21:50,21:51,22:13,12/07/2025,
Spokane,Kingston,Edmonds,22:30,22:31,22:50,12/07/2025,
Spokane,Edmonds,Kingston,23:10,23:11,23:32,12/07/2025,
Spokane,Kingston,Edmonds,05:30,05:39,05:59,12/08/2025,
Spokane,Edmonds,Kingston,06:15,06:16,06:37,12/08/2025,
Spokane,Kingston,Edmonds,07:00,07:01,07:23,12/08/2025,
Spokane,Edmonds,Kingston,07:55,07:57,08:18,12/08/2025,
Spokane,Kingston,Edmonds,08:40,08:42,09:04,12/08/2025,
Spokane,Edmonds,Kingston,09:35,09:36,09:58,12/08/2025,
Spokane,Kingston,Edmonds,10:20,10:22,10:44,12/08/2025,
Spokane,Edmonds,Kingston,11:05,11:06,11:27,12/08/2025,
Spokane,Kingston,Edmonds,11:55,11:57,12:19,12/08/2025,
Spokane,Edmonds,Kingston,12:40,12:41,13:03,12/08/2025,
Spokane,Kingston,Edmonds,13:30,13:31,13:52,12/08/2025,
Spokane,Edmonds,Kingston,14:25,14:25,14:47,12/08/2025,
Spokane,Kingston,Edmonds,15:10,15:18,15:38,12/08/2025,
Spokane,Edmonds,Kingston,15:55,16:00,16:20,12/08/2025,
Spokane,Kingston,Edmonds,16:40,16:42,17:03,12/08/2025,
Spokane,Edmonds,Kingston,17:25,17:26,17:48,12/08/2025,
Spokane,Kingston,Edmonds,18:10,18:13,18:34,12/08/2025,
Spokane,Edmonds,Kingston,19:00,19:02,19:23,12/08/2025,
Spokane,Kingston,Edmonds,19:45,19:47,20:07,12/08/2025,
Spokane,Edmonds,Kingston,20:30,20:32,20:52,12/08/2025,
Spokane,Kingston,Edmonds,21:40,22:16,22:39,12/08/2025,
Spokane,Edmonds,Kingston,22:25,22:47,23:12,12/08/2025,
Spokane,Kingston,Edmonds,23:10,23:18,23:39,12/08/2025,
Spokane,Edmonds,Kingston,23:45,23:48,00:08,12/08/2025,
Spokane,Kingston,Edmonds,05:30,05:34,05:56,12/09/2025,
Spokane,Edmonds,Kingston,06:15,06:16,06:38,12/09/2025,
Spokane,Kingston,Edmonds,07:00,07:01,07:28,12/09/2025,
Spokane,Edmonds,Kingston,07:55,07:55,08:18,12/09/2025,
Spokane,Kingston,Edmonds,08:40,08:41,09:02,12/09/2025,
Spokane,Edmonds,Kingston,09:35,09:37,09:59,12/09/2025,
Spokane,Kingston,Edmonds,10:20,10:22,10:49,12/09/2025,
Spokane,Edmonds,Kingston,11:05,11:08,11:37,12/09/2025,
Spokane,Kingston,Edmonds,11:55,11:58,12:19,12/09/2025,
Spokane,Edmonds,Kingston,12:40,12:41,13:02,12/09/2025,
Spokane,Kingston,Edmonds,13:30,13:38,14:00,12/09/2025,
Spokane,Edmonds,Kingston,14:25,14:26,14:49,12/09/2025,
Spokane,Kingston,Edmonds,15:10,15:11,15:33,12/09/2025,
Spokane,Edmonds,Kingston,15:55,16:00,16:19,12/09/2025,
Spokane,Kingston,Edmonds,16:40,17:04,17:04,12/09/2025,
Spokane,Edmonds,Kingston,17:25,17:26,17:29,12/09/2025,
Spokane,Kingston,Edmonds,18:10,18:10,18:34,12/09/2025,
Spokane,Edmonds,Kingston,19:00,19:00,19:43,12/09/2025,
Spokane,Kingston,Edmonds,19:45,19:46,20:10,12/09/2025,
Spokane,Edmonds,Kingston,20:30,20:57,20:57,12/09/2025,
Spokane,Kingston,,21:40,21:25,00:00,12/09/2025,
Spokane,Edmonds,Kingston,22:25,22:44,23:17,12/09/2025,
Spokane,Kingston,Edmonds,05:30,05:38,05:59,12/10/2025,
Spokane,Edmonds,Kingston,06:15,06:18,06:40,12/10/2025,
Spokane,Kingston,Edmonds,07:00,07:02,07:23,12/10/2025,
Spokane,Edmonds,Kingston,07:55,07:56,08:18,12/10/2025,
Spokane,Kingston,Edmonds,08:40,08:41,09:02,12/10/2025,
Spokane,Edmonds,Kingston,09:35,09:36,10:00,12/10/2025,
Spokane,Kingston,Edmonds,10:20,10:48,10:48,12/10/2025,
Spokane,Edmonds,Kingston,11:05,11:10,11:32,12/10/2025,
Spokane,Kingston,Edmonds,11:55,11:56,12:16,12/10/2025,
Spokane,Edmonds,Kingston,12:40,12:41,13:02,12/10/2025,
Spokane,Kingston,Edmonds,13:30,13:30,13:52,12/10/2025,
Spokane,Edmonds,Kingston,14:25,14:26,14:50,12/10/2025,
Spokane,Kingston,Edmonds,15:10,15:12,15:35,12/10/2025,
Spokane,Edmonds,Kingston,15:55,15:56,16:19,12/10/2025,
Spokane,Kingston,Edmonds,16:40,16:42,17:03,12/10/2025,
Spokane,Edmonds,Kingston,17:25,17:27,17:52,12/10/2025,
Spokane,Kingston,Edmonds,18:10,18:11,18:33,12/10/2025,
Spokane,Edmonds,Kingston,19:00,19:00,19:23,12/10/2025,
Spokane,Kingston,Edmonds,19:45,19:51,20:11,12/10/2025,
Spokane,Edmonds,Kingston,20:30,20:31,20:53,12/10/2025,
Spokane,Kingston,Edmonds,21:40,22:04,22:25,12/10/2025,
Spokane,Edmonds,Kingston,22:25,22:35,22:56,12/10/2025,
Spokane,Kingston,Edmonds,23:10,23:11,23:32,12/10/2025,
Spokane,Edmonds,Kingston,23:45,23:46,00:07,12/10/2025,
Spokane,Kingston,Edmonds,05:30,05:36,05:58,12/11/2025,
Spokane,Edmonds,Kingston,06:15,06:16,06:37,12/11/2025,
Spokane,Kingston,Edmonds,07:00,07:01,07:24,12/11/2025,
Spokane,Edmonds,Kingston,07:55,07:56,08:18,12/11/2025,
Spokane,Kingston,Edmonds,08:40,08:41,09:03,12/11/2025,
Spokane,Edmonds,Kingston,09:35,09:36,09:57,12/11/2025,
Spokane,Kingston,Edmonds,10:20,10:22,10:43,12/11/2025,
Spokane,Edmonds,Kingston,11:05,11:06,11:27,12/11/2025,
Spokane,Kingston,Edmonds,11:55,11:55,12:17,12/11/2025,
Spokane,Edmonds,Kingston,12:40,12:40,13:01,12/11/2025,
Spokane,Kingston,Edmonds,13:30,13:33,13:56,12/11/2025,
Spokane,Edmonds,Kingston,14:25,14:26,14:49,12/11/2025,
Spokane,Kingston,Edmonds,15:10,15:10,15:32,12/11/2025,
Spokane,Edmonds,Kingston,15:55,15:56,16:17,12/11/2025,
Spokane,Kingston,Edmonds,18:10,17:40,17:42,12/11/2025,
Spokane,Kingston,Edmonds,19:45,19:45,20:06,12/11/2025,
Spokane,Edmonds,Kingston,21:05,21:39,21:47,12/11/2025,
Spokane,Kingston,Edmonds,05:30,05:35,05:59,12/12/2025,
Spokane,Edmonds,Kingston,06:15,06:16,06:38,12/12/2025,
Spokane,Kingston,Edmonds,07:00,07:01,07:41,12/12/2025,
Spokane,Edmonds,Kingston,07:55,07:56,08:21,12/12/2025,
Spokane,Kingston,Edmonds,08:40,08:41,09:04,12/12/2025,
Spokane,Edmonds,Kingston,09:35,09:36,09:58,12/12/2025,
Spokane,Kingston,Edmonds,10:20,10:21,10:43,12/12/2025,
Spokane,Edmonds,Kingston,11:05,11:06,11:29,12/12/2025,
Spokane,Kingston,Edmonds,11:55,11:57,12:19,12/12/2025,
Spokane,Edmonds,Kingston,12:40,12:41,13:03,12/12/2025,
Spokane,Kingston,Edmonds,13:30,13:32,13:55,12/12/2025,
Spokane,Edmonds,Kingston,14:25,14:27,14:54,12/12/2025,
Spokane,Kingston,Edmonds,15:10,15:16,15:38,12/12/2025,
Spokane,Edmonds,Kingston,15:55,16:04,16:29,12/12/2025,
Spokane,Kingston,Edmonds,16:40,16:57,17:22,12/12/2025,
Spokane,Edmonds,Kingston,17:25,17:47,18:12,12/12/2025,
Spokane,Kingston,Edmonds,18:10,18:29,18:54,12/12/2025,
Spokane,Edmonds,Kingston,19:00,19:10,19:37,12/12/2025,
Spokane,Kingston,Edmonds,19:45,19:49,20:13,12/12/2025,
Spokane,Edmonds,Kingston,20:30,20:31,20:53,12/12/2025,
Spokane,Kingston,Edmonds,21:10,21:11,21:34,12/12/2025,
Spokane,Edmonds,Kingston,21:50,21:51,22:13,12/12/2025,
Spokane,Kingston,Edmonds,22:30,22:30,22:53,12/12/2025,
Spokane,Edmonds,Kingston,23:10,23:11,23:32,12/12/2025,
Spokane,Kingston,Edmonds,07:00,07:01,07:23,12/13/2025,
Spokane,Edmonds,Kingston,07:55,07:56,08:17,12/13/2025,
Spokane,Kingston,Edmonds,08:40,08:42,09:03,12/13/2025,
Spokane,Edmonds,Kingston,09:35,09:37,09:59,12/13/2025,
Spokane,Kingston,Edmonds,10:20,10:23,10:43,12/13/2025,
Spokane,Edmonds,Kingston,11:05,11:07,11:28,12/13/2025,
Spokane,Kingston,Edmonds,11:55,11:56,12:16,12/13/2025,
Spokane,Edmonds,Kingston,12:40,12:41,13:03,12/13/2025,
Spokane,Kingston,Edmonds,13:30,13:31,13:53,12/13/2025,
Spokane,Edmonds,Kingston,14:25,14:26,14:48,12/13/2025,
Spokane,Kingston,Edmonds,15:10,15:13,15:34,12/13/2025,
Spokane,Edmonds,Kingston,15:55,15:59,16:24,12/13/2025,
Spokane,Kingston,Edmonds,16:40,16:52,17:14,12/13/2025,
Spokane,Edmonds,Kingston,17:25,17:35,17:57,12/13/2025,
Spokane,Kingston,Edmonds,18:10,18:16,18:38,12/13/2025,
Spokane,Edmonds,Kingston,19:00,19:02,19:23,12/13/2025,
Spokane,Kingston,Edmonds,19:45,19:47,20:07,12/13/2025,
Spokane,Edmonds,Kingston,20:30,20:32,20:53,12/13/2025,
Spokane,Kingston,Edmonds,21:10,21:11,21:31,12/13/2025,
Spokane,Edmonds,Kingston,21:50,21:53,22:14,12/13/2025,
Spokane,Kingston,Edmonds,07:00,07:07,07:29,12/14/2025,
Spokane,Edmonds,Kingston,07:55,07:56,08:18,12/14/2025,
Spokane,Kingston,Edmonds,08:40,08:42,09:03,12/14/2025,
Spokane,Edmonds,Kingston,09:35,09:36,09:58,12/14/2025,
Spokane,Kingston,Edmonds,10:20,10:22,10:44,12/14/2025,
Spokane,Edmonds,Kingston,11:05,11:07,11:28,12/14/2025,
Spokane,Kingston,Edmonds,11:55,11:56,12:17,12/14/2025,
Spokane,Edmonds,Kingston,12:40,12:42,13:14,12/14/2025,
Spokane,Kingston,Edmonds,13:30,13:36,13:57,12/14/2025,
Spokane,Edmonds,Kingston,14:25,14:27,14:48,12/14/2025,
Spokane,Kingston,Edmonds,15:10,15:13,15:34,12/14/2025,
Spokane,Edmonds,Kingston,15:55,15:57,16:19,12/14/2025,
Spokane,Kingston,Edmonds,16:40,16:40,17:02,12/14/2025,
Spokane,Edmonds,Kingston,17:25,17:26,17:47,12/14/2025,
Spokane,Kingston,Edmonds,18:10,18:10,18:32,12/14/2025,
Spokane,Edmonds,Kingston,19:00,19:05,19:26,12/14/2025,
Spokane,Kingston,Edmonds,19:45,19:46,20:09,12/14/2025,
Spokane,Edmonds,Kingston,20:30,20:32,20:53,12/14/2025,
Spokane,Kingston,Edmonds,21:10,21:11,21:37,12/14/2025,
Spokane,Edmonds,Kingston,21:50,21:51,22:13,12/14/2025,
Spokane,Kingston,Edmonds,22:30,22:32,22:54,12/14/2025,
Spokane,Edmonds,Kingston,23:10,23:11,23:33,12/14/2025,
Spokane,Kingston,Edmonds,05:30,05:35,05:57,12/15/2025,
Spokane,Edmonds,Kingston,06:15,06:15,06:36,12/15/2025,
Spokane,Kingston,Edmonds,07:00,07:01,07:23,12/15/2025,
Spokane,Edmonds,Kingston,07:55,07:55,08:16,12/15/2025,
Spokane,Kingston,Edmonds,08:40,08:42,09:04,12/15/2025,
Spokane,Edmonds,Kingston,09:35,09:36,09:57,12/15/2025,
Spokane,Kingston,Edmonds,10:20,10:23,10:43,12/15/2025,
Spokane,Edmonds,Kingston,11:05,11:06,11:27,12/15/2025,
Spokane,Kingston,Edmonds,11:55,11:56,12:19,12/15/2025,
Spokane,Edmonds,Kingston,12:40,12:41,13:07,12/15/2025,
Spokane,Kingston,Edmonds,13:30,13:31,13:52,12/15/2025,
Spokane,Edmonds,Kingston,14:25,14:26,14:49,12/15/2025,
Spokane,Kingston,Edmonds,15:10,15:11,15:32,12/15/2025,
Spokane,Edmonds,Kingston,15:55,15:56,16:18,12/15/2025,
Spokane,Kingston,Edmonds,16:40,16:41,17:01,12/15/2025,
Spokane,Edmonds,Kingston,17:25,17:26,17:48,12/15/2025,
Spokane,Kingston,Edmonds,18:10,18:10,18:30,12/15/2025,
Spokane,Edmonds,Kingston,19:00,19:01,19:23,12/15/2025,
Spokane,Kingston,Edmonds,19:45,19:45,20:07,12/15/2025,
Spokane,Edmonds,Kingston,20:30,20:30,20:52,12/15/2025,
Spokane,Kingston,Edmonds,05:30,05:41,06:02,12/16/2025,
Spokane,Edmonds,Kingston,06:15,06:28,06:49,12/16/2025,
Spokane,Kingston,Edmonds,07:00,07:10,07:32,12/16/2025,
Spokane,Edmonds,Kingston,07:55,07:56,08:17,12/16/2025,
Spokane,Kingston,Edmonds,08:40,08:42,09:03,12/16/2025,
Spokane,Edmonds,Kingston,09:35,09:36,09:57,12/16/2025,
Spokane,Kingston,Edmonds,10:20,10:21,10:43,12/16/2025,
Spokane,Edmonds,Kingston,11:05,11:06,11:28,12/16/2025,
Spokane,Kingston,Edmonds,11:55,11:57,12:18,12/16/2025,
Spokane,Edmonds,Kingston,12:40,12:44,13:06,12/16/2025,
Spokane,Kingston,Edmonds,13:30,13:31,13:55,12/16/2025,
Spokane,Edmonds,Kingston,14:25,14:27,14:49,12/16/2025,
Spokane,Kingston,Edmonds,15:10,15:12,15:35,12/16/2025,
Spokane,Edmonds,Kingston,15:55,15:57,16:30,12/16/2025,
Spokane,Kingston,Edmonds,16:40,16:52,17:03,12/16/2025,
Spokane,Edmonds,Kingston,17:25,17:27,17:50,12/16/2025,
Spokane,Kingston,Edmonds,18:10,18:11,18:34,12/16/2025,
Spokane,Edmonds,Kingston,19:00,19:00,19:27,12/16/2025,
Spokane,Kingston,Edmonds,19:45,20:05,20:09,12/16/2025,
Spokane,Edmonds,Kingston,20:30,20:31,20:32,12/16/2025,
Spokane,Edmonds,Kingston,23:45,23:59,00:07,12/16/2025,
Spokane,Kingston,Edmonds,05:30,05:52,06:14,12/17/2025,
Spokane,Edmonds,Kingston,06:15,06:32,06:56,12/17/2025,
Spokane,Kingston,Edmonds,07:00,07:13,07:34,12/17/2025,
Spokane,Edmonds,Kingston,07:55,07:56,08:18,12/17/2025,
Spokane,Kingston,Edmonds,08:40,09:14,09:17,12/17/2025,
Spokane,Edmonds,Kingston,09:35,09:37,09:57,12/17/2025,
Spokane,Kingston,Edmonds,10:20,10:22,10:44,12/17/2025,
Spokane,Edmonds,Kingston,11:05,11:06,11:28,12/17/2025,
Spokane,Kingston,Edmonds,11:55,11:58,12:18,12/17/2025,
Spokane,Edmonds,Kingston,12:40,12:42,13:03,12/17/2025,
Spokane,Kingston,Edmonds,13:30,13:30,13:56,12/17/2025,
Spokane,Edmonds,Kingston,14:25,14:27,14:48,12/17/2025,
Spokane,Kingston,Edmonds,16:40,17:05,17:26,12/17/2025,
Spokane,Edmonds,Kingston,17:25,17:49,18:12,12/17/2025,
Spokane,Kingston,Edmonds,18:10,18:26,18:57,12/17/2025,
Spokane,Edmonds,Kingston,19:00,19:07,19:30,12/17/2025,
Spokane,Kingston,Edmonds,19:45,19:46,20:09,12/17/2025,
Spokane,Edmonds,Kingston,20:30,20:31,20:53,12/17/2025,
Spokane,Kingston,Edmonds,21:40,22:10,22:30,12/17/2025,
Spokane,Edmonds,Kingston,22:25,22:39,23:00,12/17/2025,
Spokane,Kingston,Edmonds,23:10,23:10,23:31,12/17/2025,
Spokane,Edmonds,Kingston,23:45,23:46,00:06,12/17/2025,
Spokane,Kingston,Edmonds,05:30,05:40,06:00,12/18/2025,
Spokane,Edmonds,Kingston,06:15,06:16,06:39,12/18/2025,
Spokane,Kingston,Edmonds,07:00,07:03,07:24,12/18/2025,
Spokane,Edmonds,Kingston,07:55,07:56,08:17,12/18/2025,
Spokane,Kingston,Edmonds,08:40,08:42,09:04,12/18/2025,
Spokane,Edmonds,Kingston,09:35,09:37,09:58,12/18/2025,
Spokane,Kingston,Edmonds,10:20,10:22,10:43,12/18/2025,
Spokane,Edmonds,Kingston,11:05,11:06,11:31,12/18/2025,
Spokane,Kingston,Edmonds,11:55,11:57,12:17,12/18/2025,
Spokane,Edmonds,Kingston,12:40,12:48,13:09,12/18/2025,
Spokane,Kingston,Edmonds,13:30,13:36,13:58,12/18/2025,
Spokane,Edmonds,Kingston,14:25,14:35,14:58,12/18/2025,
Spokane,Kingston,Edmonds,15:10,15:18,15:42,12/18/2025,
Spokane,Edmonds,Kingston,15:55,16:05,16:55,12/18/2025,
Spokane,Kingston,Edmonds,16:40,17:07,17:12,12/18/2025,
Spokane,Edmonds,Kingston,17:25,17:30,17:53,12/18/2025,
Spokane,Kingston,Edmonds,18:10,18:11,18:32,12/18/2025,
Spokane,Edmonds,Kingston,19:00,19:02,19:24,12/18/2025,
Spokane,Kingston,Edmonds,19:45,19:47,20:09,12/18/2025,
Spokane,Edmonds,Kingston,20:30,20:31,20:52,12/18/2025,
Spokane,Kingston,Edmonds,21:40,22:08,22:30,12/18/2025,
Spokane,Edmonds,Kingston,22:25,22:43,23:04,12/18/2025,
Spokane,Kingston,Edmonds,23:10,23:13,23:34,12/18/2025,
Spokane,Edmonds,Kingston,23:45,23:45,00:06,12/18/2025,
Spokane,Kingston,Edmonds,05:30,05:32,05:52,12/19/2025,
Spokane,Edmonds,Kingston,06:15,06:15,06:37,12/19/2025,
Spokane,Kingston,Edmonds,07:00,07:01,07:23,12/19/2025,
Spokane,Edmonds,Kingston,07:55,07:56,08:16,12/19/2025,
Spokane,Kingston,Edmonds,08:40,08:41,09:01,12/19/2025,
Spokane,Edmonds,Kingston,09:35,09:36,09:56,12/19/2025,
Spokane,Kingston,Edmonds,10:20,10:21,10:45,12/19/2025,
Spokane,Edmonds,Kingston,11:05,11:07,11:28,12/19/2025,
Spokane,Kingston,Edmonds,11:55,11:56,12:17,12/19/2025,
Spokane,Edmonds,Kingston,12:40,12:41,13:02,12/19/2025,
Spokane,Kingston,Edmonds,13:30,13:31,13:52,12/19/2025,
Spokane,Edmonds,Kingston,14:25,14:26,14:48,12/19/2025,
Spokane,Kingston,Edmonds,15:10,15:12,15:43,12/19/2025,
Spokane,Edmonds,Kingston,15:55,16:05,16:28,12/19/2025,
Spokane,Kingston,Edmonds,16:40,16:47,17:10,12/19/2025,
Spokane,Edmonds,Kingston,17:25,17:30,17:52,12/19/2025,
Spokane,Kingston,Edmonds,18:10,18:12,18:33,12/19/2025,
Spokane,Edmonds,Kingston,19:00,19:01,19:23,12/19/2025,
Spokane,Kingston,Edmonds,19:45,19:46,20:08,12/19/2025,
Spokane,Edmonds,Kingston,20:30,20:31,20:54,12/19/2025,
Spokane,Kingston,Edmonds,21:10,21:11,21:33,12/19/2025,
Spokane,Edmonds,Kingston,21:50,21:52,22:14,12/19/2025,
Spokane,Kingston,Edmonds,22:30,22:31,22:52,12/19/2025,
Spokane,Edmonds,Kingston,23:10,23:11,23:32,12/19/2025,
Spokane,Kingston,Edmonds,07:00,07:01,07:21,12/20/2025,
Spokane,Edmonds,Kingston,07:55,07:57,08:17,12/20/2025,
Spokane,Kingston,Edmonds,08:40,08:41,09:02,12/20/2025,
Spokane,Edmonds,Kingston,09:35,09:36,09:58,12/20/2025,
Spokane,Kingston,Edmonds,10:20,10:21,10:42,12/20/2025,
Spokane,Edmonds,Kingston,11:05,11:06,11:27,12/20/2025,
Spokane,Kingston,Edmonds,11:55,11:58,12:19,12/20/2025,
Spokane,Edmonds,Kingston,12:40,12:43,13:05,12/20/2025,
Spokane,Kingston,Edmonds,13:30,13:34,13:55,12/20/2025,
Spokane,Edmonds,Kingston,14:25,14:26,14:49,12/20/2025,
Spokane,Kingston,Edmonds,15:10,15:15,15:38,12/20/2025,
Spokane,Edmonds,Kingston,15:55,15:57,16:21,12/20/2025,
Spokane,Kingston,Edmonds,16:40,16:48,17:11,12/20/2025,
Spokane,Edmonds,Kingston,17:25,17:31,17:55,12/20/2025,
Spokane,Kingston,Edmonds,18:10,18:16,18:39,12/20/2025,
Spokane,Edmonds,Kingston,19:00,19:12,19:34,12/20/2025,
Spokane,Kingston,Edmonds,19:45,19:47,20:09,12/20/2025,
Spokane,Edmonds,Kingston,20:30,20:37,20:59,12/20/2025,
Spokane,Kingston,Edmonds,21:10,21:12,21:34,12/20/2025,
Spokane,Edmonds,Kingston,21:50,21:51,22:12,12/20/2025,
Spokane,Kingston,Edmonds,07:00,07:08,07:29,12/21/2025,
Spokane,Edmonds,Kingston,07:55,07:56,08:19,12/21/2025,
Spokane,Kingston,Edmonds,08:40,08:41,09:02,12/21/2025,
Spokane,Edmonds,Kingston,09:35,09:36,09:57,12/21/2025,
Spokane,Kingston,Edmonds,10:20,10:22,10:42,12/21/2025,
Spokane,Edmonds,Kingston,11:05,11:06,11:28,12/21/2025,
Spokane,Kingston,Edmonds,11:55,11:57,12:17,12/21/2025,
Spokane,Edmonds,Kingston,12:40,12:42,13:03,12/21/2025,
Spokane,Kingston,Edmonds,13:30,13:31,13:51,12/21/2025,
Spokane,Edmonds,Kingston,14:25,14:27,14:49,12/21/2025,
Spokane,Kingston,Edmonds,15:10,15:11,15:32,12/21/2025,
Spokane,Edmonds,Kingston,15:55,15:56,16:18,12/21/2025,
Spokane,Kingston,Edmonds,16:40,16:42,17:02,12/21/2025,
Spokane,Edmonds,Kingston,17:25,17:26,17:48,12/21/2025,
Spokane,Kingston,Edmonds,18:10,18:11,18:32,12/21/2025,
Spokane,Edmonds,Kingston,19:00,19:01,19:30,12/21/2025,
Spokane,Kingston,Edmonds,19:45,19:47,20:07,12/21/2025,
Spokane,Edmonds,Kingston,20:30,20:32,20:55,12/21/2025,
Spokane,Kingston,Edmonds,21:10,21:10,21:30,12/21/2025,
Spokane,Edmonds,Kingston,21:50,21:51,22:13,12/21/2025,
Spokane,Kingston,Edmonds,22:30,22:30,22:50,12/21/2025,
Spokane,Edmonds,Kingston,23:10,23:11,23:32,12/21/2025,
Spokane,Kingston,Edmonds,05:30,05:32,05:52,12/22/2025,
Spokane,Edmonds,Kingston,06:15,06:15,06:37,12/22/2025,
Spokane,Kingston,Edmonds,07:00,07:02,07:23,12/22/2025,
Spokane,Edmonds,Kingston,07:55,07:56,08:17,12/22/2025,
Spokane,Kingston,Edmonds,08:40,08:41,09:02,12/22/2025,
Spokane,Edmonds,Kingston,09:35,09:36,09:57,12/22/2025,
Spokane,Kingston,Edmonds,10:20,10:20,10:42,12/22/2025,
Spokane,Edmonds,Kingston,11:05,11:07,11:28,12/22/2025,
Spokane,Kingston,Edmonds,11:55,11:56,12:17,12/22/2025,
Spokane,Edmonds,Kingston,12:40,12:40,13:02,12/22/2025,
Spokane,Kingston,Edmonds,13:30,13:31,13:52,12/22/2025,
Spokane,Edmonds,Kingston,14:25,14:32,14:54,12/22/2025,
Spokane,Kingston,Edmonds,15:10,15:20,15:41,12/22/2025,
Spokane,Edmonds,Kingston,15:55,16:05,16:28,12/22/2025,
Spokane,Kingston,Edmonds,16:40,16:52,17:12,12/22/2025,
Spokane,Edmonds,Kingston,17:25,17:39,18:01,12/22/2025,
Spokane,Kingston,Edmonds,18:10,18:18,18:40,12/22/2025,
Spokane,Edmonds,Kingston,19:00,19:01,19:22,12/22/2025,
Spokane,Kingston,Edmonds,19:45,19:46,20:06,12/22/2025,
Spokane,Edmonds,Kingston,20:30,20:34,20:56,12/22/2025,
Spokane,Kingston,Edmonds,05:30,05:31,05:53,12/23/2025,
Spokane,Edmonds,Kingston,06:15,06:15,06:37,12/23/2025,
Spokane,Kingston,Edmonds,07:00,07:01,07:21,12/23/2025,
Spokane,Edmonds,Kingston,07:55,07:56,08:18,12/23/2025,
Spokane,Kingston,Edmonds,08:40,08:42,09:02,12/23/2025,
Spokane,Edmonds,Kingston,09:35,09:37,09:58,12/23/2025,
Spokane,Kingston,Edmonds,10:20,10:25,10:45,12/23/2025,
Spokane,Edmonds,Kingston,11:05,11:06,11:32,12/23/2025,
Spokane,Kingston,Edmonds,11:55,11:58,12:18,12/23/2025,
Spokane,Edmonds,Kingston,12:40,12:41,13:01,12/23/2025,
Spokane,Kingston,Edmonds,13:30,13:32,13:54,12/23/2025,
Spokane,Edmonds,Kingston,14:25,14:26,14:47,12/23/2025,
Spokane,Kingston,Edmonds,15:10,15:11,15:34,12/23/2025,
Spokane,Edmonds,Kingston,15:55,15:57,16:20,12/23/2025,
Spokane,Kingston,Edmonds,16:40,16:41,17:15,12/23/2025,
Spokane,Edmonds,Kingston,17:25,17:42,18:05,12/23/2025,
Spokane,Kingston,Edmonds,18:10,18:41,18:43,12/23/2025,
Spokane,Edmonds,Kingston,19:00,19:06,19:07,12/23/2025,
Spokane,Kingston,Edmonds,19:45,19:50,20:09,12/23/2025,
Spokane,Kingston,Edmonds,20:20,20:54,20:56,12/23/2025,
Spokane,Edmonds,Kingston,20:30,20:30,20:53,12/23/2025,
Spokane,Edmonds,Kingston,22:25,23:00,23:07,12/23/2025,
Spokane,Kingston,Edmonds,23:10,23:17,23:41,12/23/2025,
Spokane,Edmonds,Kingston,23:45,00:05,00:13,12/23/2025,
Spokane,Kingston,Edmonds,05:30,05:32,05:54,12/24/2025,
Spokane,Edmonds,Kingston,06:15,06:16,06:39,12/24/2025,
Spokane,Kingston,Edmonds,07:00,07:00,07:25,12/24/2025,
Spokane,Edmonds,Kingston,07:55,07:55,08:18,12/24/2025,
Spokane,Kingston,Edmonds,08:40,08:42,09:09,12/24/2025,
Spokane,Edmonds,Kingston,09:35,09:37,10:00,12/24/2025,
Spokane,Kingston,Edmonds,10:20,10:24,10:46,12/24/2025,
Spokane,Edmonds,Kingston,11:05,11:11,11:33,12/24/2025,
Spokane,Kingston,Edmonds,11:55,12:00,12:22,12/24/2025,
Spokane,Edmonds,Kingston,12:40,12:44,13:05,12/24/2025,
Spokane,Kingston,Edmonds,13:30,13:46,13:56,12/24/2025,
Spokane,Edmonds,Kingston,14:25,14:25,14:49,12/24/2025,
Spokane,Kingston,Edmonds,15:10,15:25,15:50,12/24/2025,
Spokane,Edmonds,Kingston,15:55,16:13,16:35,12/24/2025,
Spokane,Kingston,Edmonds,16:40,16:55,17:17,12/24/2025,
Spokane,Edmonds,Kingston,17:25,17:39,18:02,12/24/2025,
Spokane,Kingston,Edmonds,18:10,18:17,18:39,12/24/2025,
Spokane,Edmonds,Kingston,19:00,19:01,19:23,12/24/2025,
Spokane,Kingston,Edmonds,19:45,19:46,20:07,12/24/2025,
Spokane,Edmonds,Kingston,20:30,20:32,20:52,12/24/2025,
Spokane,Kingston,Edmonds,21:40,22:19,22:40,12/24/2025,
Spokane,Edmonds,Kingston,22:25,22:58,23:20,12/24/2025,
Spokane,Kingston,Edmonds,23:10,23:33,23:54,12/24/2025,
Spokane,Edmonds,Kingston,23:45,00:05,00:25,12/24/2025,
Spokane,Kingston,Edmonds,07:00,07:04,07:26,12/25/2025,
Spokane,Edmonds,Kingston,07:55,07:55,08:18,12/25/2025,
Spokane,Kingston,Edmonds,08:40,08:42,09:04,12/25/2025,
Spokane,Edmonds,Kingston,09:35,09:36,10:00,12/25/2025,
Spokane,Kingston,Edmonds,10:20,10:21,10:43,12/25/2025,
Spokane,Edmonds,Kingston,11:05,11:07,11:30,12/25/2025,
Spokane,Kingston,Edmonds,11:55,11:57,12:19,12/25/2025,
Spokane,Edmonds,Kingston,12:40,12:41,13:02,12/25/2025,
Spokane,Kingston,Edmonds,13:30,13:33,13:54,12/25/2025,
Spokane,Edmonds,Kingston,14:25,14:26,14:49,12/25/2025,
Spokane,Kingston,Edmonds,15:10,15:12,15:36,12/25/2025,
Spokane,Edmonds,Kingston,15:55,15:56,16:19,12/25/2025,
Spokane,Kingston,Edmonds,16:40,16:41,17:05,12/25/2025,
Spokane,Edmonds,Kingston,17:25,17:27,17:50,12/25/2025,
Spokane,Kingston,Edmonds,18:10,18:12,18:35,12/25/2025,
Spokane,Edmonds,Kingston,19:00,19:18,19:23,12/25/2025,
Spokane,Kingston,Edmonds,19:45,19:52,20:08,12/25/2025,
Spokane,Edmonds,Kingston,20:30,20:33,20:55,12/25/2025,
Spokane,Kingston,Edmonds,21:10,21:17,21:39,12/25/2025,
Spokane,Edmonds,Kingston,21:50,21:53,22:15,12/25/2025,
Spokane,Kingston,Edmonds,05:30,05:33,05:53,12/26/2025,
Spokane,Edmonds,Kingston,06:15,06:15,06:38,12/26/2025,
Spokane,Kingston,Edmonds,07:00,07:01,07:23,12/26/2025,
Spokane,Edmonds,Kingston,07:55,07:56,08:18,12/26/2025,
Spokane,Kingston,Edmonds,08:40,08:40,09:02,12/26/2025,
Spokane,Edmonds,Kingston,09:35,09:36,09:58,12/26/2025,
Spokane,Kingston,Edmonds,10:20,10:22,10:45,12/26/2025,
Spokane,Edmonds,Kingston,11:05,11:09,11:32,12/26/2025,
Spokane,Kingston,Edmonds,11:55,11:57,12:20,12/26/2025,
Spokane,Edmonds,Kingston,12:40,12:44,13:07,12/26/2025,
Spokane,Kingston,Edmonds,13:30,13:34,13:59,12/26/2025,
Spokane,Edmonds,Kingston,14:25,14:27,14:50,12/26/2025,
Spokane,Kingston,Edmonds,15:10,15:13,15:37,12/26/2025,
Spokane,Edmonds,Kingston,15:55,15:59,16:23,12/26/2025,
Spokane,Kingston,Edmonds,16:40,16:49,17:12,12/26/2025,
Spokane,Edmonds,Kingston,17:25,17:35,17:59,12/26/2025,
Spokane,Kingston,Edmonds,18:10,18:23,18:45,12/26/2025,
Spokane,Edmonds,Kingston,19:00,19:04,19:26,12/26/2025,
Spokane,Kingston,Edmonds,19:45,19:46,20:08,12/26/2025,
Spokane,Edmonds,Kingston,20:30,20:31,20:52,12/26/2025,
Spokane,Kingston,Edmonds,21:10,21:12,21:33,12/26/2025,
Spokane,Edmonds,Kingston,21:50,21:52,22:13,12/26/2025,
Spokane,Kingston,Edmonds,22:30,22:31,22:51,12/26/2025,
Spokane,Edmonds,Kingston,23:10,23:11,23:31,12/26/2025,
Spokane,Kingston,Edmonds,07:00,07:01,07:21,12/27/2025,
Spokane,Edmonds,Kingston,07:55,07:56,08:17,12/27/2025,
Spokane,Kingston,Edmonds,08:40,08:41,09:03,12/27/2025,
Spokane,Edmonds,Kingston,09:35,09:35,10:01,12/27/2025,
Spokane,Kingston,Edmonds,10:20,10:26,10:47,12/27/2025,
Spokane,Edmonds,Kingston,11:05,11:13,11:36,12/27/2025,
Spokane,Kingston,Edmonds,11:55,12:00,12:21,12/27/2025,
Spokane,Edmonds,Kingston,12:40,12:50,13:12,12/27/2025,
Spokane,Kingston,Edmonds,13:30,13:40,14:02,12/27/2025,
Spokane,Edmonds,Kingston,14:25,14:29,14:50,12/27/2025,
Spokane,Kingston,Edmonds,15:10,15:16,15:38,12/27/2025,
Spokane,Edmonds,Kingston,15:55,16:01,16:23,12/27/2025,
Spokane,Kingston,Edmonds,16:40,16:48,17:11,12/27/2025,
Spokane,Edmonds,Kingston,17:25,17:34,17:59,12/27/2025,
Spokane,Kingston,Edmonds,18:10,18:21,18:44,12/27/2025,
Spokane,Edmonds,Kingston,19:00,19:03,19:25,12/27/2025,
Spokane,Kingston,Edmonds,19:45,19:47,20:10,12/27/2025,
Spokane,Edmonds,Kingston,20:30,20:32,20:54,12/27/2025,
Spokane,Kingston,Edmonds,21:10,21:12,21:34,12/27/2025,
Spokane,Edmonds,Kingston,21:50,21:52,22:12,12/27/2025,
Spokane,Kingston,Edmonds,07:00,07:07,07:29,12/28/2025,
Spokane,Edmonds,Kingston,07:55,07:56,08:17,12/28/2025,
Spokane,Kingston,Edmonds,08:40,08:41,09:03,12/28/2025,
Spokane,Edmonds,Kingston,09:35,09:37,09:59,12/28/2025,
Spokane,Kingston,Edmonds,10:20,10:23,10:45,12/28/2025,
Spokane,Edmonds,Kingston,11:05,11:07,11:29,12/28/2025,
Spokane,Kingston,Edmonds,11:55,11:56,12:18,12/28/2025,
Spokane,Edmonds,Kingston,12:40,12:42,13:04,12/28/2025,
Spokane,Kingston,Edmonds,13:30,13:31,13:53,12/28/2025,
Spokane,Edmonds,Kingston,14:25,14:27,14:49,12/28/2025,
Spokane,Kingston,Edmonds,15:10,15:13,15:35,12/28/2025,
Spokane,Edmonds,Kingston,15:55,15:56,16:18,12/28/2025,
Spokane,Kingston,Edmonds,16:40,16:40,17:02,12/28/2025,
Spokane,Edmonds,Kingston,17:25,17:25,17:48,12/28/2025,
Spokane,Kingston,Edmonds,18:10,18:11,18:35,12/28/2025,
Spokane,Edmonds,Kingston,19:00,19:01,19:23,12/28/2025,
Spokane,Kingston,Edmonds,19:45,19:46,20:08,12/28/2025,
Spokane,Edmonds,Kingston,20:30,20:30,20:51,12/28/2025,
Spokane,Kingston,Edmonds,21:10,21:11,21:32,12/28/2025,
Spokane,Edmonds,Kingston,21:50,21:52,22:13,12/28/2025,
Spokane,Kingston,Edmonds,22:30,22:31,22:52,12/28/2025,
Spokane,Edmonds,Kingston,23:10,23:11,23:34,12/28/2025,
Spokane,Kingston,Edmonds,05:30,05:35,05:58,12/29/2025,
Spokane,Edmonds,Kingston,06:15,06:15,06:39,12/29/2025,
Spokane,Kingston,Edmonds,07:00,07:01,07:22,12/29/2025,
Spokane,Edmonds,Kingston,07:55,07:56,08:18,12/29/2025,
Spokane,Kingston,Edmonds,08:40,08:43,09:06,12/29/2025,
Spokane,Edmonds,Kingston,09:35,09:37,09:59,12/29/2025,
Spokane,Kingston,Edmonds,10:20,10:22,10:43,12/29/2025,
Spokane,Edmonds,Kingston,11:05,11:07,11:28,12/29/2025,
Spokane,Kingston,Edmonds,11:55,11:55,12:22,12/29/2025,
Spokane,Edmonds,Kingston,12:40,12:45,13:09,12/29/2025,
Spokane,Kingston,Edmonds,13:30,13:33,14:05,12/29/2025,
Spokane,Edmonds,Kingston,14:25,14:31,14:56,12/29/2025,
Spokane,Kingston,Edmonds,15:10,15:23,15:50,12/29/2025,
Spokane,Edmonds,Kingston,15:55,16:14,16:36,12/29/2025,
Spokane,Kingston,Edmonds,16:40,16:58,17:23,12/29/2025,
Spokane,Edmonds,Kingston,17:25,17:40,18:04,12/29/2025,
Spokane,Kingston,Edmonds,18:10,18:18,18:42,12/29/2025,
Spokane,Edmonds,Kingston,19:00,19:01,19:23,12/29/2025,
Spokane,Kingston,Edmonds,19:45,19:46,20:08,12/29/2025,
Spokane,Edmonds,Kingston,20:30,20:30,20:53,12/29/2025,
Spokane,Kingston,Edmonds,05:30,05:34,05:55,12/30/2025,
Spokane,Edmonds,Kingston,06:15,06:17,06:38,12/30/2025,
Spokane,Kingston,Edmonds,07:00,07:01,07:26,12/30/2025,
Spokane,Edmonds,Kingston,07:55,07:57,08:19,12/30/2025,
Spokane,Kingston,Edmonds,08:40,08:42,09:04,12/30/2025,
Spokane,Edmonds,Kingston,09:35,09:37,09:59,12/30/2025,
Spokane,Kingston,Edmonds,10:20,10:22,10:43,12/30/2025,
Spokane,Edmonds,Kingston,11:05,11:08,11:30,12/30/2025,
Spokane,Kingston,Edmonds,11:55,11:57,12:17,12/30/2025,
Spokane,Edmonds,Kingston,12:40,12:43,13:04,12/30/2025,
Spokane,Kingston,Edmonds,13:30,13:34,13:57,12/30/2025,
Spokane,Edmonds,Kingston,14:25,14:28,14:50,12/30/2025,
Spokane,Kingston,Edmonds,15:10,15:12,15:38,12/30/2025,
Spokane,Edmonds,Kingston,15:55,16:00,16:20,12/30/2025,
Spokane,Kingston,Edmonds,16:40,17:07,17:12,12/30/2025,
Spokane,Edmonds,Kingston,17:25,17:33,17:55,12/30/2025,
Spokane,Kingston,Edmonds,18:10,18:14,18:36,12/30/2025,
Spokane,Edmonds,Kingston,19:00,19:02,19:22,12/30/2025,
Spokane,Kingston,Edmonds,19:45,19:46,20:09,12/30/2025,
Spokane,Edmonds,Kingston,20:30,20:32,20:52,12/30/2025,
Spokane,Kingston,Edmonds,21:40,22:09,22:30,12/30/2025,
Spokane,Edmonds,Kingston,22:25,22:40,23:01,12/30/2025,
Spokane,Kingston,Edmonds,23:10,23:11,23:32,12/30/2025,
Spokane,Edmonds,Kingston,23:45,23:45,00:13,12/30/2025,
Spokane,Kingston,Edmonds,05:30,05:32,05:55,12/31/2025,
Spokane,Edmonds,Kingston,06:15,06:16,06:38,12/31/2025,
Spokane,Kingston,Edmonds,07:00,07:01,07:23,12/31/2025,
Spokane,Edmonds,Kingston,07:55,07:55,08:17,12/31/2025,
Spokane,Kingston,Edmonds,08:40,08:42,09:02,12/31/2025,
Spokane,Edmonds,Kingston,09:35,09:36,09:58,12/31/2025,
Spokane,Kingston,Edmonds,10:20,10:22,10:43,12/31/2025,
Spokane,Edmonds,Kingston,11:05,11:08,11:28,12/31/2025,
Spokane,Kingston,Edmonds,11:55,11:57,12:25,12/31/2025,
Spokane,Edmonds,Kingston,12:40,12:47,13:08,12/31/2025,
Spokane,Kingston,Edmonds,13:30,13:31,13:56,12/31/2025,
Spokane,Edmonds,Kingston,14:25,14:25,14:47,12/31/2025,
Spokane,Kingston,Edmonds,15:10,15:22,15:33,12/31/2025,
Spokane,Edmonds,Kingston,15:55,15:59,16:18,12/31/2025,
Spokane,Kingston,Edmonds,16:40,16:43,17:03,12/31/2025,
Spokane,Edmonds,Kingston,17:25,17:29,17:54,12/31/2025,
Spokane,Kingston,Edmonds,18:10,18:12,18:35,12/31/2025,
Spokane,Edmonds,Kingston,19:00,19:00,19:25,12/31/2025,
Spokane,Kingston,Edmonds,19:45,19:47,20:09,12/31/2025,
Spokane,Edmonds,Kingston,20:30,20:31,20:57,12/31/2025,
Spokane,Kingston,Edmonds,21:40,22:19,22:40,12/31/2025,
Spokane,Edmonds,Kingston,22:25,22:49,23:11,12/31/2025,
Spokane,Kingston,Edmonds,23:10,23:19,23:39,12/31/2025,
Spokane,Edmonds,Kingston,23:45,23:49,00:10,12/31/2025,
Spokane,Kingston,Edmonds,04:45,04:46,05:08,01/01/2026,
Spokane,Edmonds,Kingston,05:35,05:36,05:57,01/01/2026,
Spokane,Kingston,Edmonds,06:25,06:26,06:48,01/01/2026,
Spokane,Edmonds,Kingston,07:10,07:12,07:33,01/01/2026,
Spokane,Kingston,Edmonds,07:55,07:56,08:17,01/01/2026,
Spokane,Edmonds,Kingston,08:50,08:52,09:14,01/01/2026,
Spokane,Kingston,Edmonds,09:35,09:36,09:57,01/01/2026,
Spokane,Edmonds,Kingston,10:20,10:21,10:42,01/01/2026,
Spokane,Kingston,Edmonds,11:05,11:06,11:27,01/01/2026,
Spokane,Edmonds,Kingston,11:55,11:56,12:18,01/01/2026,
Spokane,Kingston,Edmonds,12:45,12:47,13:07,01/01/2026,
Spokane,Edmonds,Kingston,13:35,13:36,13:57,01/01/2026,
Spokane,Kingston,Edmonds,14:30,14:31,14:52,01/01/2026,
Spokane,Edmonds,Kingston,15:15,15:17,15:38,01/01/2026,
Spokane,Kingston,Edmonds,16:00,16:01,16:22,01/01/2026,
Spokane,Edmonds,Kingston,16:45,17:10,17:12,01/01/2026,
Spokane,Kingston,Edmonds,17:30,17:35,17:52,01/01/2026,
Spokane,Edmonds,Kingston,18:15,18:15,18:37,01/01/2026,
Spokane,Kingston,Edmonds,19:00,19:00,19:20,01/01/2026,
Spokane,Edmonds,Kingston,19:40,19:40,20:09,01/01/2026,
Spokane,Kingston,Edmonds,20:20,20:21,20:42,01/01/2026,
Spokane,Edmonds,Kingston,21:05,21:06,21:27,01/01/2026,
Spokane,Kingston,Edmonds,21:40,21:41,22:01,01/01/2026,
Spokane,Edmonds,Kingston,22:25,22:26,22:48,01/01/2026,
Spokane,Kingston,Edmonds,23:10,23:11,23:33,01/01/2026,
Spokane,Edmonds,Kingston,23:45,23:45,00:08,01/01/2026,
Spokane,Kingston,Edmonds,04:45,04:50,05:11,01/02/2026,
Spokane,Edmonds,Kingston,05:35,05:36,05:57,01/02/2026,
Spokane,Kingston,Edmonds,06:25,06:26,06:47,01/02/2026,
Spokane,Edmonds,Kingston,07:10,07:11,07:32,01/02/2026,
Spokane,Kingston,Edmonds,07:55,07:57,08:19,01/02/2026,
Spokane,Edmonds,Kingston,08:50,08:52,09:13,01/02/2026,
Spokane,Kingston,Edmonds,09:35,09:37,09:58,01/02/2026,
Spokane,Edmonds,Kingston,10:20,10:22,10:44,01/02/2026,
Spokane,Kingston,Edmonds,11:05,11:06,11:27,01/02/2026,
Spokane,Edmonds,Kingston,11:55,11:58,12:19,01/02/2026,
Spokane,Kingston,Edmonds,12:45,12:46,13:06,01/02/2026,
Spokane,Edmonds,Kingston,13:35,13:38,13:59,01/02/2026,
Spokane,Kingston,Edmonds,14:30,14:31,14:51,01/02/2026,
Spokane,Edmonds,Kingston,15:15,15:16,15:37,01/02/2026,
Spokane,Kingston,Edmonds,16:00,16:01,16:21,01/02/2026,
Spokane,Edmonds,Kingston,16:45,16:52,17:14,01/02/2026,
Spokane,Kingston,Edmonds,17:30,17:36,17:56,01/02/2026,
Spokane,Edmonds,Kingston,18:15,18:18,18:39,01/02/2026,
Spokane,Kingston,Edmonds,19:00,19:00,19:22,01/02/2026,
Spokane,Edmonds,Kingston,19:40,19:40,20:02,01/02/2026,
Spokane,Kingston,Edmonds,20:20,20:21,20:42,01/02/2026,
Spokane,Edmonds,Kingston,21:05,21:07,21:28,01/02/2026,
Spokane,Kingston,Edmonds,21:40,21:40,22:01,01/02/2026,
Spokane,Edmonds,Kingston,22:25,22:25,22:46,01/02/2026,
Spokane,Kingston,Edmonds,23:10,23:10,23:31,01/02/2026,
Spokane,Edmonds,Kingston,23:45,23:46,00:08,01/02/2026,
Spokane,Kingston,Edmonds,04:45,04:46,05:08,01/03/2026,
Spokane,Edmonds,Kingston,05:35,05:35,05:58,01/03/2026,
Spokane,Kingston,Edmonds,06:25,06:26,06:47,01/03/2026,
Spokane,Edmonds,Kingston,07:10,07:11,07:32,01/03/2026,
Spokane,Kingston,Edmonds,07:55,07:56,08:19,01/03/2026,
Spokane,Edmonds,Kingston,08:50,08:51,09:12,01/03/2026,
Spokane,Kingston,Edmonds,09:35,09:36,09:59,01/03/2026,
Spokane,Edmonds,Kingston,10:20,10:20,10:42,01/03/2026,
Spokane,Kingston,Edmonds,11:05,11:07,11:29,01/03/2026,
Spokane,Edmonds,Kingston,11:55,11:56,12:18,01/03/2026,
Spokane,Kingston,Edmonds,12:45,12:47,13:09,01/03/2026,
Spokane,Edmonds,Kingston,13:35,13:36,14:00,01/03/2026,
Spokane,Kingston,Edmonds,14:30,14:30,14:52,01/03/2026,
Spokane,Edmonds,Kingston,15:15,15:16,15:38,01/03/2026,
Spokane,Kingston,Edmonds,16:00,16:02,16:23,01/03/2026,
Spokane,Edmonds,Kingston,16:45,16:47,17:09,01/03/2026,
Spokane,Kingston,Edmonds,17:30,17:30,17:53,01/03/2026,
Spokane,Edmonds,Kingston,18:15,18:15,18:38,01/03/2026,
Spokane,Kingston,Edmonds,19:00,19:00,19:22,01/03/2026,
Spokane,Edmonds,Kingston,19:40,19:41,20:03,01/03/2026,
Spokane,Kingston,Edmonds,20:20,20:22,20:44,01/03/2026,
Spokane,Edmonds,Kingston,21:05,21:06,21:27,01/03/2026,
Spokane,Kingston,Edmonds,21:40,21:41,22:04,01/03/2026,
Spokane,Edmonds,Kingston,22:25,22:26,22:47,01/03/2026,
Spokane,Kingston,Edmonds,23:10,23:11,23:31,01/03/2026,
Spokane,Edmonds,Kingston,23:45,23:46,00:06,01/03/2026,
Spokane,Kingston,Edmonds,06:25,06:27,06:49,01/04/2026,
Spokane,Edmonds,Kingston,07:10,07:11,07:32,01/04/2026,
Spokane,Kingston,Edmonds,07:55,07:56,08:17,01/04/2026,
Spokane,Edmonds,Kingston,08:50,08:51,09:13,01/04/2026,
Spokane,Kingston,Edmonds,09:35,09:37,09:58,01/04/2026,
Spokane,Edmonds,Kingston,10:20,10:21,10:43,01/04/2026,
Spokane,Kingston,Edmonds,11:05,11:06,11:26,01/04/2026,
Spokane,Edmonds,Kingston,11:55,11:56,12:17,01/04/2026,
Spokane,Kingston,Edmonds,12:45,12:46,13:06,01/04/2026,
Spokane,Edmonds,Kingston,13:35,13:36,13:57,01/04/2026,
Spokane,Kingston,Edmonds,14:30,14:32,14:52,01/04/2026,
Spokane,Edmonds,Kingston,15:15,15:18,15:39,01/04/2026,
Spokane,Kingston,Edmonds,16:00,16:01,16:21,01/04/2026,
Spokane,Edmonds,Kingston,16:45,16:47,17:08,01/04/2026,
Spokane,Kingston,Edmonds,17:30,17:31,17:51,01/04/2026,
Spokane,Edmonds,Kingston,18:15,18:16,18:38,01/04/2026,
Spokane,Kingston,Edmonds,19:00,19:01,19:22,01/04/2026,
Spokane,Edmonds,Kingston,19:40,19:42,20:03,01/04/2026,
Spokane,Kingston,Edmonds,20:20,20:21,20:45,01/04/2026,
Spokane,Edmonds,Kingston,21:05,21:07,21:28,01/04/2026,
Spokane,Kingston,Edmonds,21:40,21:40,22:02,01/04/2026,
Spokane,Edmonds,Kingston,22:25,22:26,22:48,01/04/2026,
Spokane,Kingston,Edmonds,23:10,23:11,23:31,01/04/2026,
Spokane,Edmonds,Kingston,23:45,23:46,00:08,01/04/2026,
Spokane,Kingston,Edmonds,04:45,04:47,05:08,01/05/2026,
Spokane,Edmonds,Kingston,05:35,05:36,05:56,01/05/2026,
Spokane,Kingston,Edmonds,06:25,06:27,06:48,01/05/2026,
Spokane,Edmonds,Kingston,07:10,07:12,07:34,01/05/2026,
Spokane,Kingston,Edmonds,07:55,08:01,08:22,01/05/2026,
Spokane,Edmonds,Kingston,08:50,08:51,09:13,01/05/2026,
Spokane,Kingston,Edmonds,09:35,09:37,09:58,01/05/2026,
Spokane,Edmonds,Kingston,10:20,10:21,10:43,01/05/2026,
Spokane,Kingston,Edmonds,11:05,11:07,11:29,01/05/2026,
Spokane,Edmonds,Kingston,11:55,11:57,12:18,01/05/2026,
Spokane,Kingston,Edmonds,12:45,12:46,13:08,01/05/2026,
Spokane,Edmonds,Kingston,13:35,13:37,13:57,01/05/2026,
Spokane,Kingston,Edmonds,14:30,14:30,14:52,01/05/2026,
Spokane,Edmonds,Kingston,15:15,15:16,15:38,01/05/2026,
Spokane,Kingston,Edmonds,16:00,16:01,16:26,01/05/2026,
Spokane,Edmonds,Kingston,16:45,16:47,17:08,01/05/2026,
Spokane,Kingston,Edmonds,17:30,17:31,17:52,01/05/2026,
Spokane,Edmonds,Kingston,18:15,18:17,18:38,01/05/2026,
Spokane,Kingston,Edmonds,19:00,19:00,19:21,01/05/2026,
Spokane,Edmonds,Kingston,19:40,19:41,20:01,01/05/2026,
Spokane,Kingston,Edmonds,20:20,20:21,20:43,01/05/2026,
Spokane,Edmonds,Kingston,21:05,21:06,21:27,01/05/2026,
Spokane,Kingston,Edmonds,04:45,04:50,05:10,01/06/2026,
Spokane,Edmonds,Kingston,05:35,05:37,05:57,01/06/2026,
Spokane,Kingston,Edmonds,06:25,06:27,06:46,01/06/2026,
Spokane,Edmonds,Kingston,07:10,07:12,07:32,01/06/2026,
Spokane,Kingston,Edmonds,07:55,07:57,08:16,01/06/2026,
Spokane,Edmonds,Kingston,08:50,08:52,09:13,01/06/2026,
Spokane,Kingston,Edmonds,09:35,09:36,09:57,01/06/2026,
Spokane,Edmonds,Kingston,10:20,10:20,10:42,01/06/2026,
Spokane,Kingston,Edmonds,11:05,11:06,11:27,01/06/2026,
Spokane,Edmonds,Kingston,11:55,11:57,12:18,01/06/2026,
Spokane,Kingston,Edmonds,12:45,12:47,13:08,01/06/2026,
Spokane,Edmonds,Kingston,13:35,13:36,13:58,01/06/2026,
Spokane,Kingston,Edmonds,14:30,14:33,14:54,01/06/2026,
Spokane,Edmonds,Kingston,15:15,15:19,15:40,01/06/2026,
Spokane,Kingston,Edmonds,16:00,16:02,16:41,01/06/2026,
Spokane,Edmonds,Kingston,16:45,17:07,17:10,01/06/2026,
Spokane,Kingston,Edmonds,17:30,17:30,17:51,01/06/2026,
Spokane,Edmonds,Kingston,18:15,18:16,18:39,01/06/2026,
Spokane,Kingston,Edmonds,19:00,19:01,19:22,01/06/2026,
Spokane,Edmonds,Kingston,19:40,19:42,20:05,01/06/2026,
Spokane,Kingston,Edmonds,20:20,20:23,20:45,01/06/2026,
Spokane,Edmonds,Kingston,21:05,21:06,21:28,01/06/2026,
Spokane,Kingston,Edmonds,04:45,04:47,05:09,01/07/2026,
Spokane,Edmonds,Kingston,05:35,05:36,05:58,01/07/2026,
Spokane,Kingston,Edmonds,06:25,06:26,06:48,01/07/2026,
Spokane,Edmonds,Kingston,07:10,07:11,07:34,01/07/2026,
Spokane,Kingston,Edmonds,07:55,07:56,08:18,01/07/2026,
Spokane,Edmonds,Kingston,08:50,08:50,09:13,01/07/2026,
Spokane,Kingston,Edmonds,09:35,09:50,10:02,01/07/2026,
Spokane,Edmonds,Kingston,10:20,10:21,10:43,01/07/2026,
Spokane,Kingston,Edmonds,11:05,11:06,11:30,01/07/2026,
Spokane,Edmonds,Kingston,11:55,11:57,12:19,01/07/2026,
Spokane,Kingston,Edmonds,12:45,12:46,13:08,01/07/2026,
Spokane,Edmonds,Kingston,13:35,13:36,13:58,01/07/2026,
Spokane,Kingston,Edmonds,14:30,14:31,14:52,01/07/2026,
Spokane,Edmonds,Kingston,15:15,15:16,15:37,01/07/2026,
Spokane,Kingston,Edmonds,16:00,16:01,16:23,01/07/2026,
Spokane,Edmonds,Kingston,16:45,16:56,17:18,01/07/2026,
Spokane,Kingston,Edmonds,17:30,17:38,17:58,01/07/2026,
Spokane,Edmonds,Kingston,18:15,18:17,18:39,01/07/2026,
Spokane,Kingston,Edmonds,19:00,19:01,19:23,01/07/2026,
Spokane,Edmonds,Kingston,19:40,19:41,20:02,01/07/2026,
Spokane,Kingston,Edmonds,20:20,20:21,20:42,01/07/2026,
Spokane,Edmonds,Kingston,21:05,21:07,21:30,01/07/2026,
Spokane,Kingston,Edmonds,04:45,04:50,05:12,01/08/2026,
Spokane,Edmonds,Kingston,05:35,05:37,05:59,01/08/2026,
Spokane,Kingston,Edmonds,06:25,06:27,06:49,01/08/2026,
Spokane,Edmonds,Kingston,07:10,07:11,07:32,01/08/2026,
Spokane,Kingston,Edmonds,07:55,07:58,08:19,01/08/2026,
Spokane,Edmonds,Kingston,08:50,08:50,09:11,01/08/2026,
Spokane,Kingston,Edmonds,09:35,09:37,09:59,01/08/2026,
Spokane,Edmonds,Kingston,10:20,10:22,10:44,01/08/2026,
Spokane,Kingston,Edmonds,11:05,11:08,11:29,01/08/2026,
Spokane,Edmonds,Kingston,11:55,11:56,12:18,01/08/2026,
Spokane,Kingston,Edmonds,12:45,12:46,13:07,01/08/2026,
Spokane,Edmonds,Kingston,13:35,13:36,13:58,01/08/2026,
Spokane,Kingston,Edmonds,14:30,14:31,14:52,01/08/2026,
Spokane,Edmonds,Kingston,15:15,15:23,16:04,01/08/2026,
Spokane,Kingston,Edmonds,16:00,16:14,16:26,01/08/2026,
Spokane,Edmonds,Kingston,16:45,16:47,17:10,01/08/2026,
Spokane,Kingston,Edmonds,17:30,17:31,17:53,01/08/2026,
Spokane,Edmonds,Kingston,18:15,18:17,18:39,01/08/2026,
Spokane,Kingston,Edmonds,19:00,19:01,19:22,01/08/2026,
Spokane,Edmonds,Kingston,19:40,19:41,20:03,01/08/2026,
Spokane,Kingston,Edmonds,20:20,20:21,20:44,01/08/2026,
Spokane,Edmonds,Kingston,21:05,21:06,21:28,01/08/2026,
Spokane,Kingston,Edmonds,21:40,21:40,22:01,01/08/2026,
Spokane,Edmonds,Kingston,22:25,22:26,22:48,01/08/2026,
Spokane,Kingston,Edmonds,23:10,23:10,23:30,01/08/2026,
Spokane,Edmonds,Kingston,23:45,23:46,00:07,01/08/2026,
Spokane,Kingston,Edmonds,04:45,04:46,05:07,01/09/2026,
Spokane,Edmonds,Kingston,05:35,05:36,05:57,01/09/2026,
Spokane,Kingston,Edmonds,06:25,06:26,06:48,01/09/2026,
Spokane,Edmonds,Kingston,07:10,07:12,07:33,01/09/2026,
Spokane,Kingston,Edmonds,07:55,07:56,08:18,01/09/2026,
Spokane,Edmonds,Kingston,08:50,08:51,09:13,01/09/2026,
Spokane,Kingston,Edmonds,09:35,09:36,09:57,01/09/2026,
Spokane,Edmonds,Kingston,10:20,10:21,10:43,01/09/2026,
Spokane,Kingston,Edmonds,11:05,11:06,11:27,01/09/2026,
Spokane,Edmonds,Kingston,11:55,11:57,12:19,01/09/2026,
Spokane,Kingston,Edmonds,12:45,12:46,13:09,01/09/2026,
Spokane,Edmonds,Kingston,13:35,13:39,14:01,01/09/2026,
Spokane,Kingston,Edmonds,14:30,14:31,14:51,01/09/2026,
Spokane,Edmonds,Kingston,15:15,15:15,15:37,01/09/2026,
Spokane,Kingston,Edmonds,16:00,16:01,16:22,01/09/2026,
Spokane,Edmonds,Kingston,16:45,16:49,17:10,01/09/2026,
Spokane,Kingston,Edmonds,17:30,17:31,17:53,01/09/2026,
Spokane,Edmonds,Kingston,18:15,18:16,18:38,01/09/2026,
Spokane,Kingston,Edmonds,19:00,19:01,19:24,01/09/2026,
Spokane,Edmonds,Kingston,19:40,19:41,20:02,01/09/2026,
Spokane,Kingston,Edmonds,20:20,20:20,20:43,01/09/2026,
Spokane,Edmonds,Kingston,21:05,21:07,21:28,01/09/2026,
Spokane,Kingston,Edmonds,21:40,21:40,22:05,01/09/2026,
Spokane,Edmonds,Kingston,22:25,22:25,22:47,01/09/2026,
Spokane,Kingston,Edmonds,23:10,23:10,23:31,01/09/2026,
Spokane,Edmonds,Kingston,23:45,23:46,00:07,01/09/2026,
Spokane,Kingston,Edmonds,04:45,04:45,05:08,01/10/2026,
Spokane,Edmonds,Kingston,05:35,05:36,05:57,01/10/2026,
Spokane,Kingston,Edmonds,06:25,06:27,06:48,01/10/2026,
Spokane,Edmonds,Kingston,07:10,07:12,07:33,01/10/2026,
Spokane,Kingston,Edmonds,07:55,07:56,08:17,01/10/2026,
Spokane,Edmonds,Kingston,08:50,08:51,09:13,01/10/2026,
Spokane,Kingston,Edmonds,09:35,09:36,09:57,01/10/2026,
Spokane,Edmonds,Kingston,10:20,10:21,10:43,01/10/2026,
Spokane,Kingston,Edmonds,11:05,11:06,11:28,01/10/2026,
Spokane,Edmonds,Kingston,11:55,11:57,12:19,01/10/2026,
Spokane,Kingston,Edmonds,12:45,12:46,13:08,01/10/2026,
Spokane,Edmonds,Kingston,13:35,13:36,13:58,01/10/2026,
Spokane,Kingston,Edmonds,14:30,14:31,14:52,01/10/2026,
Spokane,Edmonds,Kingston,15:15,15:17,15:39,01/10/2026,
Spokane,Kingston,Edmonds,16:00,16:01,16:24,01/10/2026,
Spokane,Edmonds,Kingston,16:45,16:46,17:08,01/10/2026,
Spokane,Kingston,Edmonds,17:30,17:31,17:52,01/10/2026,
Spokane,Edmonds,Kingston,18:15,18:15,18:38,01/10/2026,
Spokane,Kingston,Edmonds,19:00,19:02,19:23,01/10/2026,
Spokane,Edmonds,Kingston,19:40,19:42,20:04,01/10/2026,
Spokane,Kingston,Edmonds,20:20,20:20,20:42,01/10/2026,
Spokane,Edmonds,Kingston,21:05,21:07,21:28,01/10/2026,
Spokane,Kingston,Edmonds,21:40,21:40,22:02,01/10/2026,
Spokane,Edmonds,Kingston,22:25,22:27,22:48,01/10/2026,
Spokane,Kingston,Edmonds,23:10,23:10,23:32,01/10/2026,
Spokane,Edmonds,Kingston,23:45,23:46,00:08,01/10/2026,
Spokane,Kingston,Edmonds,06:25,06:28,06:49,01/11/2026,
Spokane,Edmonds,Kingston,07:10,07:11,07:32,01/11/2026,
Spokane,Kingston,Edmonds,07:55,07:57,08:20,01/11/2026,
Spokane,Edmonds,Kingston,08:50,08:56,09:18,01/11/2026,
Spokane,Kingston,Edmonds,09:35,09:36,09:59,01/11/2026,
Spokane,Edmonds,Kingston,10:20,10:21,10:44,01/11/2026,
Spokane,Kingston,Edmonds,11:05,11:05,11:27,01/11/2026,
Spokane,Edmonds,Kingston,11:55,11:55,12:18,01/11/2026,
Spokane,Kingston,Edmonds,12:45,12:47,13:09,01/11/2026,
Spokane,Edmonds,Kingston,13:35,13:37,14:01,01/11/2026,
Spokane,Kingston,Edmonds,14:30,14:32,14:54,01/11/2026,
Spokane,Edmonds,Kingston,15:15,15:16,15:40,01/11/2026,
Spokane,Kingston,Edmonds,16:00,16:01,16:23,01/11/2026,
Spokane,Edmonds,Kingston,16:45,16:47,17:09,01/11/2026,
Spokane,Kingston,Edmonds,17:30,17:32,17:53,01/11/2026,
Spokane,Edmonds,Kingston,18:15,18:16,18:39,01/11/2026,
Spokane,Kingston,Edmonds,19:00,19:01,19:22,01/11/2026,
Spokane,Edmonds,Kingston,19:40,19:42,20:04,01/11/2026,
Spokane,Kingston,Edmonds,20:20,20:21,20:42,01/11/2026,
Spokane,Edmonds,Kingston,21:05,21:06,21:28,01/11/2026,
Spokane,Kingston,Edmonds,21:40,21:40,22:03,01/11/2026,
Spokane,Edmonds,Kingston,22:25,22:26,22:49,01/11/2026,
Spokane,Kingston,Edmonds,23:10,23:11,23:33,01/11/2026,
Spokane,Edmonds,Kingston,23:45,23:46,00:09,01/11/2026,
Spokane,Kingston,Edmonds,04:45,04:47,05:09,01/12/2026,
Spokane,Edmonds,Kingston,05:35,05:36,05:59,01/12/2026,
Spokane,Kingston,Edmonds,06:25,06:27,06:47,01/12/2026,
Spokane,Edmonds,Kingston,07:10,07:11,07:34,01/12/2026,
Spokane,Kingston,Edmonds,07:55,07:56,08:19,01/12/2026,
Spokane,Edmonds,Kingston,08:50,08:52,09:16,01/12/2026,
Spokane,Kingston,Edmonds,09:35,09:36,09:59,01/12/2026,
Spokane,Edmonds,Kingston,10:20,10:20,10:43,01/12/2026,
Spokane,Kingston,Edmonds,11:05,11:08,11:31,01/12/2026,
Spokane,Edmonds,Kingston,11:55,11:55,12:19,01/12/2026,
Spokane,Kingston,Edmonds,12:45,12:48,13:09,01/12/2026,
Spokane,Edmonds,Kingston,13:35,13:36,13:59,01/12/2026,
Spokane,Kingston,Edmonds,14:30,14:30,14:53,01/12/2026,
Spokane,Edmonds,Kingston,15:15,15:16,15:38,01/12/2026,
Spokane,Kingston,Edmonds,16:00,16:01,16:23,01/12/2026,
Spokane,Edmonds,Kingston,16:45,16:47,17:09,01/12/2026,
Spokane,Kingston,Edmonds,17:30,17:30,17:52,01/12/2026,
Spokane,Edmonds,Kingston,18:15,18:17,18:39,01/12/2026,
Spokane,Kingston,Edmonds,19:00,19:00,19:22,01/12/2026,
Spokane,Edmonds,Kingston,19:40,19:42,20:04,01/12/2026,
Spokane,Kingston,Edmonds,20:20,20:22,20:44,01/12/2026,
Spokane,Edmonds,Kingston,21:05,21:08,21:31,01/12/2026,
Spokane,Kingston,Edmonds,21:40,21:42,22:06,01/12/2026,
Spokane,Edmonds,Kingston,22:25,22:26,22:48,01/12/2026,
Spokane,Kingston,Edmonds,23:10,23:11,23:32,01/12/2026,
Spokane,Edmonds,Kingston,23:45,23:46,00:08,01/12/2026,
Spokane,Kingston,Edmonds,04:45,04:46,05:09,01/13/2026,
Spokane,Edmonds,Kingston,05:35,05:36,05:59,01/13/2026,
Spokane,Kingston,Edmonds,06:25,06:26,06:48,01/13/2026,
Spokane,Edmonds,Kingston,07:10,07:13,07:35,01/13/2026,
Spokane,Kingston,Edmonds,07:55,07:57,08:18,01/13/2026,
Spokane,Edmonds,Kingston,08:50,08:51,09:14,01/13/2026,
Spokane,Kingston,Edmonds,09:35,09:38,10:00,01/13/2026,
Spokane,Edmonds,Kingston,10:20,10:23,10:44,01/13/2026,
Spokane,Kingston,Edmonds,11:05,11:06,11:29,01/13/2026,
Spokane,Edmonds,Kingston,11:55,11:57,12:20,01/13/2026,
Spokane,Kingston,Edmonds,12:45,12:47,13:08,01/13/2026,
Spokane,Edmonds,Kingston,13:35,13:38,14:00,01/13/2026,
Spokane,Kingston,Edmonds,14:30,14:32,14:54,01/13/2026,
Spokane,Edmonds,Kingston,15:15,15:17,15:39,01/13/2026,
Spokane,Kingston,Edmonds,16:00,16:31,16:38,01/13/2026,
Spokane,Edmonds,Kingston,16:45,16:51,17:07,01/13/2026,
Spokane,Kingston,Edmonds,17:30,17:31,17:53,01/13/2026,
Spokane,Edmonds,Kingston,18:15,18:16,18:37,01/13/2026,
Spokane,Kingston,Edmonds,19:00,19:00,19:23,01/13/2026,
Spokane,Edmonds,Kingston,19:40,19:42,20:03,01/13/2026,
Spokane,Kingston,Edmonds,20:20,20:21,20:44,01/13/2026,
Spokane,Edmonds,Kingston,21:05,21:06,21:36,01/13/2026,
Spokane,Kingston,Edmonds,21:40,21:40,22:04,01/13/2026,
Spokane,Edmonds,Kingston,22:25,22:27,22:49,01/13/2026,
Spokane,Kingston,Edmonds,23:10,23:11,23:34,01/13/2026,
Spokane,Edmonds,Kingston,23:45,23:46,00:07,01/13/2026,
Spokane,Kingston,Edmonds,04:45,04:46,05:09,01/14/2026,
Spokane,Edmonds,Kingston,05:35,05:36,05:58,01/14/2026,
Spokane,Kingston,Edmonds,06:25,06:27,06:49,01/14/2026,
Spokane,Edmonds,Kingston,07:10,07:12,07:34,01/14/2026,
Spokane,Kingston,Edmonds,07:55,07:57,08:20,01/14/2026,
Spokane,Edmonds,Kingston,08:50,09:05,09:15,01/14/2026,
Spokane,Kingston,Edmonds,09:35,09:36,10:00,01/14/2026,
Spokane,Edmonds,Kingston,10:20,10:21,10:42,01/14/2026,
Spokane,Kingston,Edmonds,11:05,11:06,11:29,01/14/2026,
Spokane,Edmonds,Kingston,11:55,11:56,12:18,01/14/2026,
Spokane,Kingston,Edmonds,12:45,12:47,13:07,01/14/2026,
Spokane,Edmonds,Kingston,13:35,13:39,14:01,01/14/2026,
Spokane,Kingston,Edmonds,14:30,14:31,14:53,01/14/2026,
Spokane,Edmonds,Kingston,15:15,15:20,15:41,01/14/2026,
Spokane,Kingston,Edmonds,16:00,16:03,16:25,01/14/2026,
Spokane,Edmonds,Kingston,16:45,16:50,17:11,01/14/2026,
Spokane,Kingston,Edmonds,17:30,17:36,17:59,01/14/2026,
Spokane,Edmonds,Kingston,18:15,18:17,18:40,01/14/2026,
Spokane,Kingston,Edmonds,19:00,19:01,19:24,01/14/2026,
Spokane,Edmonds,Kingston,19:40,19:43,20:05,01/14/2026,
Spokane,Kingston,Edmonds,20:20,20:20,20:42,01/14/2026,
Spokane,Edmonds,Kingston,21:05,21:07,21:29,01/14/2026,
Spokane,Kingston,Edmonds,04:45,04:46,05:08,01/15/2026,
Spokane,Edmonds,Kingston,05:35,05:35,05:57,01/15/2026,
Spokane,Kingston,Edmonds,06:25,06:26,06:50,01/15/2026,
Spokane,Edmonds,Kingston,07:10,07:12,07:33,01/15/2026,
Spokane,Kingston,Edmonds,07:55,07:57,08:20,01/15/2026,
Spokane,Edmonds,Kingston,08:50,08:51,09:12,01/15/2026,
Spokane,Kingston,Edmonds,09:35,09:36,09:59,01/15/2026,
Spokane,Edmonds,Kingston,10:20,10:24,10:46,01/15/2026,
Spokane,Kingston,Edmonds,11:05,11:06,11:28,01/15/2026,
Spokane,Edmonds,Kingston,11:55,11:56,12:18,01/15/2026,
Spokane,Kingston,Edmonds,12:45,12:47,13:08,01/15/2026,
Spokane,Edmonds,Kingston,13:35,13:36,13:58,01/15/2026,
Spokane,Kingston,Edmonds,14:30,14:31,14:53,01/15/2026,
Spokane,Edmonds,Kingston,15:15,15:15,15:37,01/15/2026,
Spokane,Kingston,Edmonds,16:00,16:27,16:38,01/15/2026,
Spokane,Edmonds,Kingston,16:45,16:50,17:08,01/15/2026,
Spokane,Kingston,Edmonds,17:30,17:30,17:54,01/15/2026,
Spokane,Edmonds,Kingston,18:15,18:16,18:39,01/15/2026,
Spokane,Kingston,Edmonds,19:00,19:01,19:22,01/15/2026,
Spokane,Edmonds,Kingston,19:40,19:42,20:03,01/15/2026,
Spokane,Kingston,Edmonds,20:20,20:21,20:45,01/15/2026,
Spokane,Edmonds,Kingston,21:05,21:06,21:28,01/15/2026,
Spokane,Kingston,Edmonds,21:40,21:42,22:05,01/15/2026,
Spokane,Edmonds,Kingston,22:25,22:26,22:48,01/15/2026,
Spokane,Kingston,Edmonds,23:10,23:10,23:32,01/15/2026,
Spokane,Edmonds,Kingston,23:45,23:46,00:06,01/15/2026,
Spokane,Kingston,Edmonds,04:45,04:46,05:07,01/16/2026,
Spokane,Edmonds,Kingston,05:35,05:36,05:58,01/16/2026,
Spokane,Kingston,Edmonds,06:25,06:26,06:47,01/16/2026,
Spokane,Edmonds,Kingston,07:10,07:12,07:34,01/16/2026,
Spokane,Kingston,Edmonds,07:55,07:57,08:19,01/16/2026,
Spokane,Edmonds,Kingston,08:50,08:53,09:14,01/16/2026,
Spokane,Kingston,Edmonds,09:35,09:36,09:59,01/16/2026,
Spokane,Edmonds,Kingston,10:20,10:21,10:43,01/16/2026,
Spokane,Kingston,Edmonds,11:05,11:07,11:30,01/16/2026,
Spokane,Edmonds,Kingston,11:55,11:57,12:18,01/16/2026,
Spokane,Kingston,Edmonds,12:45,12:47,13:10,01/16/2026,
Spokane,Edmonds,Kingston,13:35,13:36,13:58,01/16/2026,
Spokane,Kingston,Edmonds,14:30,14:30,14:52,01/16/2026,
Spokane,Edmonds,Kingston,15:15,15:21,15:43,01/16/2026,
Spokane,Kingston,Edmonds,16:00,16:06,16:31,01/16/2026,
Spokane,Edmonds,Kingston,16:45,16:59,17:21,01/16/2026,
Spokane,Kingston,Edmonds,17:30,17:39,18:02,01/16/2026,
Spokane,Edmonds,Kingston,18:15,18:25,18:47,01/16/2026,
Spokane,Kingston,Edmonds,19:00,19:03,19:26,01/16/2026,
Spokane,Edmonds,Kingston,19:40,19:43,20:04,01/16/2026,
Spokane,Kingston,Edmonds,20:20,20:21,20:44,01/16/2026,
Spokane,Edmonds,Kingston,21:05,21:06,21:28,01/16/2026,
Spokane,Kingston,Edmonds,21:40,21:40,22:03,01/16/2026,
Spokane,Edmonds,Kingston,22:25,22:26,22:48,01/16/2026,
Spokane,Kingston,Edmonds,23:10,23:10,23:33,01/16/2026,
Spokane,Edmonds,Kingston,23:45,23:46,00:10,01/16/2026,
Spokane,Kingston,Edmonds,04:45,04:47,05:08,01/17/2026,
Spokane,Edmonds,Kingston,05:35,05:36,05:57,01/17/2026,
Spokane,Kingston,Edmonds,06:25,06:28,06:49,01/17/2026,
Spokane,Edmonds,Kingston,07:10,07:11,07:32,01/17/2026,
Spokane,Kingston,Edmonds,07:55,07:55,08:17,01/17/2026,
Spokane,Edmonds,Kingston,08:50,08:52,09:14,01/17/2026,
Spokane,Kingston,Edmonds,09:35,09:38,10:00,01/17/2026,
Spokane,Edmonds,Kingston,10:20,10:27,10:49,01/17/2026,
Spokane,Kingston,Edmonds,11:05,11:11,11:32,01/17/2026,
Spokane,Edmonds,Kingston,11:55,11:57,12:18,01/17/2026,
Spokane,Kingston,Edmonds,12:45,12:47,13:08,01/17/2026,
Spokane,Edmonds,Kingston,13:35,13:35,13:56,01/17/2026,
Spokane,Kingston,Edmonds,14:30,14:30,14:52,01/17/2026,
Spokane,Edmonds,Kingston,15:15,15:18,15:40,01/17/2026,
Spokane,Kingston,Edmonds,16:00,16:03,16:24,01/17/2026,
Spokane,Edmonds,Kingston,16:45,16:47,17:09,01/17/2026,
Spokane,Kingston,Edmonds,17:30,17:33,17:54,01/17/2026,
Spokane,Edmonds,Kingston,18:15,18:16,18:35,01/17/2026,
Spokane,Kingston,Edmonds,19:00,19:01,19:23,01/17/2026,
Spokane,Edmonds,Kingston,19:40,19:41,20:03,01/17/2026,
Spokane,Kingston,Edmonds,20:20,20:21,20:44,01/17/2026,
Spokane,Edmonds,Kingston,21:05,21:07,21:33,01/17/2026,
Spokane,Kingston,Edmonds,21:40,21:42,22:04,01/17/2026,
Spokane,Edmonds,Kingston,22:25,22:25,22:47,01/17/2026,
Spokane,Kingston,Edmonds,23:10,23:10,23:33,01/17/2026,
Spokane,Edmonds,Kingston,23:45,23:48,00:10,01/17/2026,
Spokane,Kingston,Edmonds,06:25,06:26,06:49,01/18/2026,
Spokane,Edmonds,Kingston,07:10,07:11,07:33,01/18/2026,
Spokane,Kingston,Edmonds,07:55,07:55,08:18,01/18/2026,
Spokane,Edmonds,Kingston,08:50,08:51,09:13,01/18/2026,
Spokane,Kingston,Edmonds,09:35,09:36,09:58,01/18/2026,
Spokane,Edmonds,Kingston,10:20,10:22,10:44,01/18/2026,
Spokane,Kingston,Edmonds,11:05,11:09,11:32,01/18/2026,
Spokane,Edmonds,Kingston,11:55,11:57,12:19,01/18/2026,
Spokane,Kingston,Edmonds,12:45,12:49,13:12,01/18/2026,
Spokane,Edmonds,Kingston,13:35,13:36,13:57,01/18/2026,
Spokane,Kingston,Edmonds,14:30,14:31,14:52,01/18/2026,
Spokane,Edmonds,Kingston,15:15,15:18,15:39,01/18/2026,
Spokane,Kingston,Edmonds,16:00,16:01,16:22,01/18/2026,
Spokane,Edmonds,Kingston,16:45,16:46,17:16,01/18/2026,
Spokane,Kingston,Edmonds,17:30,17:37,18:00,01/18/2026,
Spokane,Edmonds,Kingston,18:15,18:17,18:38,01/18/2026,
Spokane,Kingston,Edmonds,19:00,19:04,19:26,01/18/2026,
Spokane,Edmonds,Kingston,19:40,19:43,20:03,01/18/2026,
Spokane,Kingston,Edmonds,20:20,20:23,20:47,01/18/2026,
Spokane,Edmonds,Kingston,21:05,21:06,21:27,01/18/2026,
Spokane,Kingston,Edmonds,21:40,21:42,22:05,01/18/2026,
Spokane,Edmonds,Kingston,22:25,22:26,22:46,01/18/2026,
Spokane,Kingston,Edmonds,23:10,23:11,23:33,01/18/2026,
Spokane,Edmonds,Kingston,23:45,23:46,00:07,01/18/2026,
Spokane,Kingston,Edmonds,04:45,04:46,05:09,01/19/2026,
Spokane,Edmonds,Kingston,05:35,05:36,05:58,01/19/2026,
Spokane,Kingston,Edmonds,06:25,06:27,06:49,01/19/2026,
Spokane,Edmonds,Kingston,07:10,07:10,07:35,01/19/2026,
Spokane,Kingston,Edmonds,07:55,07:56,08:21,01/19/2026,
Spokane,Edmonds,Kingston,08:50,08:57,09:22,01/19/2026,
Spokane,Kingston,Edmonds,09:35,09:41,10:03,01/19/2026,
Spokane,Edmonds,Kingston,10:20,10:27,10:49,01/19/2026,
Spokane,Kingston,Edmonds,11:05,11:09,11:31,01/19/2026,
Spokane,Edmonds,Kingston,11:55,11:57,12:18,01/19/2026,
Spokane,Kingston,Edmonds,12:45,12:47,13:09,01/19/2026,
Spokane,Edmonds,Kingston,13:35,13:36,13:58,01/19/2026,
Spokane,Kingston,Edmonds,14:30,14:30,14:51,01/19/2026,
Spokane,Edmonds,Kingston,15:15,15:18,15:39,01/19/2026,
Spokane,Kingston,Edmonds,16:00,16:02,16:25,01/19/2026,
Spokane,Edmonds,Kingston,16:45,16:52,17:13,01/19/2026,
Spokane,Kingston,Edmonds,17:30,17:35,17:59,01/19/2026,
Spokane,Edmonds,Kingston,18:15,18:19,18:39,01/19/2026,
Spokane,Kingston,Edmonds,19:00,19:00,19:25,01/19/2026,
Spokane,Edmonds,Kingston,19:40,19:43,20:04,01/19/2026,
Spokane,Kingston,Edmonds,20:20,20:21,20:46,01/19/2026,
Spokane,Edmonds,Kingston,21:05,21:06,21:28,01/19/2026,
Spokane,Kingston,Edmonds,21:40,21:42,22:04,01/19/2026,
Spokane,Edmonds,Kingston,22:25,22:26,22:50,01/19/2026,
Spokane,Kingston,Edmonds,23:10,23:11,23:34,01/19/2026,
Spokane,Edmonds,Kingston,23:45,23:46,00:07,01/19/2026,
Spokane,Kingston,Edmonds,04:45,04:46,05:08,01/20/2026,
Spokane,Edmonds,Kingston,05:35,05:36,05:58,01/20/2026,
Spokane,Kingston,Edmonds,06:25,06:27,06:48,01/20/2026,
Spokane,Edmonds,Kingston,07:10,07:12,07:35,01/20/2026,
Spokane,Kingston,Edmonds,07:55,07:56,08:18,01/20/2026,
Spokane,Edmonds,Kingston,08:50,08:50,09:12,01/20/2026,
Spokane,Kingston,Edmonds,09:35,09:35,09:59,01/20/2026,
Spokane,Edmonds,Kingston,10:20,10:22,10:43,01/20/2026,
Spokane,Kingston,Edmonds,11:05,11:10,11:34,01/20/2026,
Spokane,Edmonds,Kingston,11:55,11:56,12:17,01/20/2026,
Spokane,Kingston,Edmonds,12:45,12:46,13:08,01/20/2026,
Spokane,Edmonds,Kingston,13:35,13:36,13:57,01/20/2026,
Spokane,Kingston,Edmonds,14:30,14:31,14:53,01/20/2026,
Spokane,Edmonds,Kingston,15:15,15:17,15:39,01/20/2026,
Spokane,Kingston,Edmonds,16:00,16:12,16:23,01/20/2026,
Spokane,Edmonds,Kingston,16:45,16:47,17:09,01/20/2026,
Spokane,Kingston,Edmonds,17:30,17:30,17:53,01/20/2026,
Spokane,Edmonds,Kingston,18:15,18:16,18:38,01/20/2026,
Spokane,Kingston,Edmonds,19:00,19:00,19:22,01/20/2026,
Spokane,Edmonds,Kingston,19:40,19:41,20:03,01/20/2026,
Spokane,Kingston,Edmonds,20:20,20:20,20:42,01/20/2026,
Spokane,Edmonds,Kingston,21:05,21:06,21:28,01/20/2026,
Spokane,Kingston,Edmonds,21:40,21:41,22:03,01/20/2026,
Spokane,Edmonds,Kingston,22:25,22:27,22:49,01/20/2026,
Spokane,Kingston,Edmonds,23:10,23:11,23:33,01/20/2026,
Spokane,Edmonds,Kingston,23:45,23:46,00:06,01/20/2026,
Spokane,Kingston,Edmonds,04:45,04:46,05:09,01/21/2026,
Spokane,Edmonds,Kingston,05:35,05:36,05:58,01/21/2026,
Spokane,Kingston,Edmonds,06:25,06:27,06:49,01/21/2026,
Spokane,Edmonds,Kingston,07:10,07:12,07:34,01/21/2026,
Spokane,Kingston,Edmonds,07:55,07:57,08:20,01/21/2026,
Spokane,Edmonds,Kingston,08:50,08:51,09:13,01/21/2026,
Spokane,Kingston,Edmonds,09:35,09:49,10:04,01/21/2026,
Spokane,Edmonds,Kingston,10:20,10:31,10:43,01/21/2026,
Spokane,Kingston,Edmonds,11:05,11:08,11:31,01/21/2026,
Spokane,Edmonds,Kingston,11:55,11:56,12:17,01/21/2026,
Spokane,Kingston,Edmonds,12:45,12:47,13:09,01/21/2026,
Spokane,Edmonds,Kingston,13:35,13:38,14:00,01/21/2026,
Spokane,Kingston,Edmonds,14:30,14:30,14:53,01/21/2026,
Spokane,Edmonds,Kingston,15:15,15:18,15:40,01/21/2026,
Spokane,Kingston,Edmonds,16:00,16:02,16:24,01/21/2026,
Spokane,Edmonds,Kingston,16:45,16:47,17:09,01/21/2026,
Spokane,Kingston,Edmonds,17:30,17:30,17:52,01/21/2026,
Spokane,Edmonds,Kingston,18:15,18:17,18:39,01/21/2026,
Spokane,Kingston,Edmonds,19:00,19:01,19:25,01/21/2026,
Spokane,Edmonds,Kingston,19:40,19:43,20:05,01/21/2026,
Spokane,Kingston,Edmonds,20:20,20:21,20:42,01/21/2026,
Spokane,Edmonds,Kingston,21:05,21:07,21:29,01/21/2026,
Spokane,Kingston,Edmonds,21:40,21:41,22:02,01/21/2026,
Spokane,Edmonds,Kingston,22:25,22:27,22:48,01/21/2026,
Spokane,Kingston,Edmonds,23:10,23:11,23:32,01/21/2026,
Spokane,Edmonds,Kingston,23:45,23:45,00:08,01/21/2026,
Spokane,Kingston,Edmonds,04:45,04:47,05:09,01/22/2026,
Spokane,Edmonds,Kingston,05:35,05:37,05:59,01/22/2026,
Spokane,Kingston,Edmonds,06:25,06:27,06:51,01/22/2026,
Spokane,Edmonds,Kingston,07:10,07:12,07:34,01/22/2026,
Spokane,Kingston,Edmonds,07:55,07:59,08:21,01/22/2026,
Spokane,Edmonds,Kingston,08:50,08:53,09:15,01/22/2026,
Spokane,Kingston,Edmonds,09:35,09:36,09:58,01/22/2026,
Spokane,Edmonds,Kingston,10:20,10:22,10:45,01/22/2026,
Spokane,Kingston,Edmonds,11:05,11:06,11:27,01/22/2026,
Spokane,Edmonds,Kingston,11:55,11:58,12:21,01/22/2026,
Spokane,Kingston,Edmonds,12:45,12:46,13:07,01/22/2026,
Spokane,Edmonds,Kingston,13:35,13:37,13:58,01/22/2026,
Spokane,Kingston,Edmonds,14:30,14:32,14:52,01/22/2026,
Spokane,Edmonds,Kingston,15:15,15:17,15:39,01/22/2026,
Spokane,Kingston,Edmonds,16:00,16:26,16:26,01/22/2026,
Spokane,Edmonds,Kingston,16:45,16:46,17:08,01/22/2026,
Spokane,Kingston,Edmonds,17:30,17:31,17:52,01/22/2026,
Spokane,Edmonds,Kingston,18:15,18:16,18:37,01/22/2026,
Spokane,Kingston,Edmonds,19:00,19:02,19:24,01/22/2026,
Spokane,Edmonds,Kingston,19:40,19:43,20:03,01/22/2026,
Spokane,Kingston,Edmonds,20:20,20:20,20:43,01/22/2026,
Spokane,Edmonds,Kingston,21:05,21:06,21:27,01/22/2026,
Spokane,Kingston,Edmonds,04:45,04:49,05:11,01/23/2026,
Spokane,Edmonds,Kingston,05:35,05:35,05:58,01/23/2026,
Spokane,Kingston,Edmonds,06:25,06:26,06:47,01/23/2026,
Spokane,Edmonds,Kingston,07:10,07:12,07:34,01/23/2026,
Spokane,Kingston,Edmonds,07:55,07:57,08:18,01/23/2026,
Spokane,Edmonds,Kingston,08:50,08:51,09:13,01/23/2026,
Spokane,Kingston,Edmonds,09:35,09:36,09:57,01/23/2026,
Spokane,Edmonds,Kingston,10:20,10:21,10:43,01/23/2026,
Spokane,Kingston,Edmonds,11:05,11:06,11:28,01/23/2026,
Spokane,Edmonds,Kingston,11:55,11:56,12:18,01/23/2026,
Spokane,Kingston,Edmonds,12:45,12:46,13:07,01/23/2026,
Spokane,Edmonds,Kingston,13:35,13:38,14:00,01/23/2026,
Spokane,Kingston,Edmonds,14:30,14:30,14:51,01/23/2026,
Spokane,Edmonds,Kingston,15:15,15:16,15:38,01/23/2026,
Spokane,Kingston,Edmonds,16:00,16:00,16:22,01/23/2026,
Spokane,Edmonds,Kingston,16:45,16:47,17:09,01/23/2026,
Spokane,Kingston,Edmonds,17:30,17:31,17:52,01/23/2026,
Spokane,Edmonds,Kingston,18:15,18:16,18:37,01/23/2026,
Spokane,Kingston,Edmonds,19:00,19:01,19:21,01/23/2026,
Spokane,Edmonds,Kingston,19:40,19:40,20:02,01/23/2026,
Spokane,Kingston,Edmonds,20:20,20:20,20:41,01/23/2026,
Spokane,Edmonds,Kingston,21:05,21:06,21:27,01/23/2026,
Spokane,Kingston,Edmonds,21:40,21:41,22:03,01/23/2026,
Spokane,Edmonds,Kingston,22:25,22:25,22:46,01/23/2026,
Spokane,Kingston,Edmonds,23:10,23:10,23:31,01/23/2026,
Spokane,Edmonds,Kingston,23:45,23:46,00:07,01/23/2026,
Spokane,Kingston,Edmonds,04:45,04:46,05:08,01/24/2026,
Spokane,Edmonds,Kingston,05:35,05:36,05:57,01/24/2026,
Spokane,Kingston,Edmonds,06:25,06:26,06:48,01/24/2026,
Spokane,Edmonds,Kingston,07:10,07:11,07:33,01/24/2026,
Spokane,Kingston,Edmonds,07:55,07:57,08:18,01/24/2026,
Spokane,Edmonds,Kingston,08:50,08:52,09:15,01/24/2026,
Spokane,Kingston,Edmonds,09:35,09:42,10:03,01/24/2026,
Spokane,Edmonds,Kingston,10:20,10:26,10:48,01/24/2026,
Spokane,Kingston,Edmonds,11:05,11:10,11:32,01/24/2026,
Spokane,Edmonds,Kingston,11:55,12:02,12:24,01/24/2026,
Spokane,Kingston,Edmonds,12:45,12:59,13:44,01/24/2026,
Spokane,Edmonds,Kingston,13:35,13:45,14:07,01/24/2026,
Spokane,Kingston,Edmonds,14:30,14:32,14:54,01/24/2026,
Spokane,Edmonds,Kingston,15:15,15:18,15:40,01/24/2026,
Spokane,Kingston,Edmonds,16:00,16:01,16:24,01/24/2026,
Spokane,Edmonds,Kingston,16:45,16:46,17:08,01/24/2026,
Spokane,Kingston,Edmonds,17:30,17:32,17:54,01/24/2026,
Spokane,Edmonds,Kingston,18:15,18:15,18:38,01/24/2026,
Spokane,Kingston,Edmonds,19:00,19:00,19:24,01/24/2026,
Spokane,Edmonds,Kingston,19:40,19:42,20:04,01/24/2026,
Spokane,Kingston,Edmonds,20:20,20:21,20:43,01/24/2026,
Spokane,Edmonds,Kingston,21:05,21:06,21:27,01/24/2026,
Spokane,Kingston,Edmonds,21:40,21:42,22:03,01/24/2026,
Spokane,Edmonds,Kingston,22:25,22:26,22:47,01/24/2026,
Spokane,Kingston,Edmonds,23:10,23:11,23:31,01/24/2026,
Spokane,Edmonds,Kingston,23:45,23:48,00:08,01/24/2026,
Spokane,Kingston,Edmonds,06:25,06:26,06:47,01/25/2026,
Spokane,Edmonds,Kingston,07:10,07:11,07:35,01/25/2026,
Spokane,Kingston,,07:55,07:56,00:00,01/25/2026,
Spokane,Edmonds,,08:50,08:51,00:00,01/25/2026,
Spokane,Kingston,,09:35,10:35,00:00,01/25/2026,
Spokane,Edmonds,,10:20,11:23,00:00,01/25/2026,
Spokane,Kingston,,11:05,12:11,00:00,01/25/2026,
Spokane,Edmonds,,11:55,12:57,00:00,01/25/2026,
Spokane,Kingston,,12:45,13:44,00:00,01/25/2026,
Spokane,Edmonds,,13:35,14:30,00:00,01/25/2026,
Spokane,Kingston,,14:30,15:20,00:00,01/25/2026,
Spokane,Edmonds,,15:15,16:06,00:00,01/25/2026,
Spokane,Kingston,,16:00,16:49,00:00,01/25/2026,
Spokane,Edmonds,,16:45,17:31,00:00,01/25/2026,
Spokane,Kingston,,17:30,18:16,00:00,01/25/2026,
Spokane,Edmonds,,18:15,18:55,00:00,01/25/2026,
Spokane,Kingston,,19:00,19:36,00:00,01/25/2026,
Spokane,Edmonds,Kingston,19:40,20:22,20:44,01/25/2026,
Spokane,Kingston,Edmonds,20:20,21:03,21:25,01/25/2026,
Spokane,Edmonds,Kingston,21:50,21:51,22:12,01/25/2026,
Spokane,Kingston,Edmonds,22:30,22:31,22:52,01/25/2026,
Spokane,Edmonds,Kingston,23:10,23:10,23:32,01/25/2026,
Spokane,Kingston,Edmonds,04:45,04:49,05:11,01/26/2026,
Spokane,Edmonds,Kingston,05:35,05:36,06:00,01/26/2026,
Spokane,Kingston,Edmonds,06:25,06:27,06:50,01/26/2026,
Spokane,Edmonds,Kingston,07:10,07:12,07:35,01/26/2026,
Spokane,Kingston,Edmonds,07:55,07:58,08:20,01/26/2026,
Spokane,Edmonds,Kingston,08:50,08:52,09:14,01/26/2026,
Spokane,Kingston,Edmonds,09:35,09:36,09:58,01/26/2026,
Spokane,Edmonds,Kingston,10:20,10:22,10:44,01/26/2026,
Spokane,Kingston,Edmonds,11:05,11:07,11:28,01/26/2026,
Spokane,Edmonds,Kingston,11:55,11:56,12:17,01/26/2026,
Spokane,Kingston,Edmonds,12:45,12:48,13:09,01/26/2026,
Spokane,Edmonds,Kingston,13:35,13:36,13:57,01/26/2026,
Spokane,Kingston,Edmonds,14:30,14:31,14:54,01/26/2026,
Spokane,Edmonds,Kingston,15:15,15:16,15:37,01/26/2026,
Spokane,Kingston,Edmonds,16:00,16:01,16:22,01/26/2026,
Spokane,Edmonds,Kingston,16:45,16:47,17:09,01/26/2026,
Spokane,Kingston,Edmonds,17:30,17:30,17:52,01/26/2026,
Spokane,Edmonds,Kingston,18:15,18:16,18:38,01/26/2026,
Spokane,Kingston,Edmonds,19:00,19:00,19:22,01/26/2026,
Spokane,Edmonds,Kingston,19:40,19:41,20:02,01/26/2026,
Spokane,Kingston,Edmonds,20:20,20:21,20:43,01/26/2026,
Spokane,Edmonds,Kingston,21:05,21:06,21:28,01/26/2026,
Spokane,Kingston,Edmonds,21:40,21:41,22:03,01/26/2026,
Spokane,Edmonds,Kingston,22:25,22:26,22:48,01/26/2026,
Spokane,Kingston,Edmonds,23:10,23:11,23:31,01/26/2026,
Spokane,Edmonds,Kingston,23:45,23:45,00:07,01/26/2026,
Spokane,Kingston,Edmonds,04:45,04:46,05:09,01/27/2026,
Spokane,Edmonds,Kingston,05:35,05:36,05:58,01/27/2026,
Spokane,Kingston,Edmonds,06:25,06:26,06:48,01/27/2026,
Spokane,Edmonds,Kingston,07:10,07:11,07:33,01/27/2026,
Spokane,Kingston,Edmonds,07:55,07:55,08:17,01/27/2026,
Spokane,Edmonds,Kingston,08:50,08:52,09:14,01/27/2026,
Spokane,Kingston,Edmonds,09:35,09:36,09:57,01/27/2026,
Spokane,Edmonds,Kingston,10:20,10:21,10:43,01/27/2026,
Spokane,Kingston,Edmonds,11:05,11:08,11:29,01/27/2026,
Spokane,Edmonds,Kingston,11:55,11:56,12:19,01/27/2026,
Spokane,Kingston,Edmonds,12:45,12:47,13:09,01/27/2026,
Spokane,Edmonds,Kingston,13:35,13:36,13:58,01/27/2026,
Spokane,Kingston,Edmonds,14:30,14:31,14:54,01/27/2026,
Spokane,Edmonds,Kingston,15:15,15:17,15:42,01/27/2026,
Spokane,Kingston,Edmonds,16:00,16:10,16:25,01/27/2026,
Spokane,Edmonds,Kingston,16:45,16:49,17:10,01/27/2026,
Spokane,Kingston,Edmonds,17:30,17:31,17:51,01/27/2026,
Spokane,Edmonds,Kingston,18:15,18:17,18:38,01/27/2026,
Spokane,Kingston,Edmonds,19:00,19:01,19:21,01/27/2026,
Spokane,Edmonds,Kingston,19:40,19:41,20:03,01/27/2026,
Spokane,Kingston,Edmonds,20:20,20:20,20:44,01/27/2026,
Spokane,Edmonds,Kingston,21:05,21:06,21:27,01/27/2026,
Spokane,Kingston,Edmonds,05:30,05:37,05:58,01/28/2026,
Spokane,Edmonds,Kingston,06:15,06:16,06:37,01/28/2026,
Spokane,Kingston,Edmonds,07:00,07:00,07:24,01/28/2026,
Spokane,Edmonds,Kingston,07:55,07:56,08:20,01/28/2026,
Spokane,Kingston,Edmonds,08:40,08:42,09:06,01/28/2026,
Spokane,Edmonds,Kingston,09:35,09:37,09:59,01/28/2026,
Spokane,Kingston,Edmonds,10:20,10:24,10:45,01/28/2026,
Spokane,Edmonds,Kingston,11:05,11:07,11:28,01/28/2026,
Spokane,Kingston,Edmonds,11:55,11:56,12:18,01/28/2026,
Spokane,Edmonds,Kingston,12:40,12:41,13:03,01/28/2026,
Spokane,Kingston,Edmonds,13:30,13:31,13:54,01/28/2026,
Spokane,Edmonds,Kingston,14:25,14:26,14:58,01/28/2026,
Spokane,Kingston,Edmonds,15:10,15:12,15:47,01/28/2026,
Spokane,Edmonds,Kingston,15:55,15:56,16:17,01/28/2026,
Spokane,Kingston,Edmonds,16:40,16:45,17:04,01/28/2026,
Spokane,Edmonds,Kingston,17:25,17:31,17:47,01/28/2026,
Spokane,Kingston,Edmonds,19:45,19:45,20:07,01/28/2026,
Spokane,Edmonds,Kingston,20:30,20:30,20:51,01/28/2026,
Spokane,Kingston,Edmonds,05:30,05:40,06:02,01/29/2026,
Spokane,Edmonds,Kingston,06:15,06:28,06:39,01/29/2026,
Spokane,Kingston,Edmonds,07:00,07:02,07:24,01/29/2026,
Spokane,Edmonds,Kingston,07:55,07:56,08:18,01/29/2026,
Spokane,Kingston,Edmonds,08:40,08:43,09:05,01/29/2026,
Spokane,Edmonds,Kingston,09:35,09:36,09:58,01/29/2026,
Spokane,Kingston,Edmonds,10:20,10:28,10:51,01/29/2026,
Spokane,Edmonds,Kingston,11:05,11:07,11:28,01/29/2026,
Spokane,Kingston,Edmonds,11:55,11:57,12:19,01/29/2026,
Spokane,Edmonds,Kingston,12:40,12:41,13:03,01/29/2026,
Spokane,Kingston,Edmonds,13:30,13:31,13:54,01/29/2026,
Spokane,Edmonds,Kingston,14:25,14:27,14:49,01/29/2026,
Spokane,Kingston,Edmonds,15:10,15:11,15:34,01/29/2026,
Spokane,Edmonds,Kingston,15:55,16:04,16:18,01/29/2026,
Spokane,Kingston,Edmonds,16:40,16:40,17:02,01/29/2026,
Spokane,Edmonds,Kingston,17:25,17:28,17:53,01/29/2026,
Spokane,Kingston,Edmonds,18:10,18:11,18:33,01/29/2026,
Spokane,Edmonds,Kingston,19:00,19:02,19:23,01/29/2026,
Spokane,Kingston,Edmonds,19:45,19:45,20:07,01/29/2026,
Spokane,Edmonds,Kingston,20:30,20:32,20:52,01/29/2026,
Spokane,Kingston,Edmonds,05:30,05:32,05:55,01/30/2026,
Spokane,Edmonds,Kingston,06:15,06:17,06:38,01/30/2026,
Spokane,Kingston,Edmonds,07:00,07:01,07:24,01/30/2026,
Spokane,Edmonds,Kingston,07:55,07:55,08:17,01/30/2026,
Spokane,Kingston,Edmonds,08:40,08:42,09:03,01/30/2026,
Spokane,Edmonds,Kingston,09:35,09:36,09:56,01/30/2026,
Spokane,Kingston,Edmonds,10:20,10:20,10:42,01/30/2026,
Spokane,Edmonds,Kingston,11:05,11:05,11:27,01/30/2026,
Spokane,Kingston,Edmonds,11:55,11:57,12:18,01/30/2026,
Spokane,Edmonds,Kingston,12:40,12:42,13:04,01/30/2026,
Spokane,Kingston,Edmonds,13:30,13:31,13:55,01/30/2026,
Spokane,Edmonds,Kingston,14:25,14:26,14:49,01/30/2026,
Spokane,Kingston,Edmonds,15:10,15:13,15:34,01/30/2026,
Spokane,Edmonds,Kingston,15:55,16:02,16:24,01/30/2026,
Spokane,Kingston,Edmonds,16:40,16:41,17:05,01/30/2026,
Spokane,Edmonds,Kingston,17:25,17:28,17:52,01/30/2026,
Spokane,Kingston,Edmonds,18:10,18:26,18:33,01/30/2026,
Spokane,Edmonds,Kingston,19:00,19:01,19:25,01/30/2026,
Spokane,Kingston,Edmonds,19:45,19:48,20:09,01/30/2026,
Spokane,Edmonds,Kingston,20:30,20:32,20:54,01/30/2026,
Spokane,Kingston,Edmonds,21:10,21:12,21:34,01/30/2026,
Spokane,Edmonds,Kingston,21:50,21:53,22:14,01/30/2026,
Spokane,Kingston,Edmonds,22:30,22:31,22:51,01/30/2026,
Spokane,Edmonds,Kingston,23:10,23:11,23:31,01/30/2026,
Spokane,Kingston,Edmonds,07:00,07:00,07:23,01/31/2026,
Spokane,Edmonds,Kingston,07:55,07:57,08:19,01/31/2026,
Spokane,Kingston,Edmonds,08:40,08:43,09:06,01/31/2026,
Spokane,Edmonds,Kingston,09:35,09:36,09:58,01/31/2026,
Spokane,Kingston,Edmonds,10:20,10:21,10:44,01/31/2026,
Spokane,Edmonds,Kingston,11:05,11:08,11:31,01/31/2026,
Spokane,Kingston,Edmonds,11:55,12:01,12:23,01/31/2026,
Spokane,Edmonds,Kingston,12:40,12:56,13:17,01/31/2026,
Spokane,Kingston,Edmonds,13:30,13:42,14:05,01/31/2026,
Spokane,Edmonds,Kingston,14:25,14:29,14:50,01/31/2026,
Spokane,Kingston,Edmonds,15:10,15:12,15:35,01/31/2026,
Spokane,Edmonds,Kingston,15:55,15:57,16:18,01/31/2026,
Spokane,Kingston,Edmonds,16:40,16:41,17:02,01/31/2026,
Spokane,Edmonds,Kingston,17:25,17:28,17:50,01/31/2026,
Spokane,Kingston,Edmonds,18:10,18:10,18:32,01/31/2026,
Spokane,Edmonds,Kingston,19:00,19:02,19:23,01/31/2026,
Spokane,Kingston,Edmonds,19:45,19:45,20:06,01/31/2026,
Spokane,Edmonds,Kingston,20:30,20:31,20:53,01/31/2026,
Spokane,Kingston,Edmonds,21:10,21:11,21:32,01/31/2026,
Spokane,Edmonds,Kingston,21:50,21:51,22:12,01/31/2026,
Spokane,Kingston,Edmonds,07:00,07:11,07:33,02/01/2026,
Spokane,Edmonds,Kingston,07:55,07:56,08:18,02/01/2026,
Spokane,Kingston,Edmonds,08:40,08:41,09:05,02/01/2026,
Spokane,Edmonds,Kingston,09:35,09:38,10:01,02/01/2026,
Spokane,Kingston,Edmonds,10:20,10:21,10:44,02/01/2026,
Spokane,Edmonds,Kingston,11:05,11:07,11:29,02/01/2026,
Spokane,Kingston,Edmonds,11:55,11:58,12:21,02/01/2026,
Spokane,Edmonds,Kingston,12:40,12:43,13:05,02/01/2026,
Spokane,Kingston,Edmonds,13:30,13:30,13:55,02/01/2026,
Spokane,Edmonds,Kingston,14:25,14:26,14:49,02/01/2026,
Spokane,Kingston,Edmonds,15:10,15:12,15:35,02/01/2026,
Spokane,Edmonds,Kingston,15:55,15:56,16:18,02/01/2026,
Spokane,Kingston,Edmonds,16:40,16:40,17:07,02/01/2026,
Spokane,Edmonds,Kingston,17:25,17:26,17:49,02/01/2026,
Spokane,Kingston,Edmonds,18:10,18:11,18:33,02/01/2026,
Spokane,Edmonds,Kingston,19:00,19:01,19:25,02/01/2026,
Spokane,Kingston,Edmonds,19:45,19:45,20:07,02/01/2026,
Spokane,Edmonds,Kingston,20:30,20:30,20:53,02/01/2026,
Spokane,Kingston,Edmonds,21:10,21:12,21:33,02/01/2026,
Spokane,Edmonds,Kingston,21:50,21:50,22:12,02/01/2026,
Spokane,Kingston,Edmonds,22:30,22:31,22:52,02/01/2026,
Spokane,Edmonds,Kingston,23:10,23:10,23:32,02/01/2026,
Spokane,Kingston,Edmonds,05:30,05:36,05:56,02/02/2026,
Spokane,Edmonds,Kingston,06:15,06:16,06:37,02/02/2026,
Spokane,Kingston,Edmonds,07:00,07:02,07:25,02/02/2026,
Spokane,Edmonds,Kingston,07:55,07:55,08:18,02/02/2026,
Spokane,Kingston,Edmonds,08:40,08:41,09:04,02/02/2026,
Spokane,Edmonds,Kingston,09:35,09:36,09:58,02/02/2026,
Spokane,Kingston,Edmonds,10:20,10:22,10:44,02/02/2026,
Spokane,Edmonds,Kingston,11:05,11:06,11:29,02/02/2026,
Spokane,Kingston,Edmonds,11:55,11:56,12:30,02/02/2026,
Spokane,Edmonds,Kingston,12:40,12:52,13:12,02/02/2026,
Spokane,Kingston,Edmonds,13:30,13:31,13:54,02/02/2026,
Spokane,Edmonds,Kingston,14:25,14:26,14:47,02/02/2026,
Spokane,Kingston,Edmonds,15:10,15:11,15:33,02/02/2026,
Spokane,Edmonds,Kingston,15:55,15:56,16:19,02/02/2026,
Spokane,Kingston,Edmonds,16:40,16:41,17:11,02/02/2026,
Spokane,Edmonds,Kingston,17:25,17:31,17:53,02/02/2026,
Spokane,Kingston,Edmonds,18:10,18:26,18:48,02/02/2026,
Spokane,Edmonds,Kingston,19:00,19:03,19:24,02/02/2026,
Spokane,Kingston,Edmonds,19:45,19:46,20:06,02/02/2026,
Spokane,Edmonds,Kingston,20:30,20:30,20:52,02/02/2026,
Spokane,Kingston,Edmonds,05:30,05:38,05:59,02/03/2026,
Spokane,Edmonds,Kingston,06:15,06:17,06:39,02/03/2026,
Spokane,Kingston,Edmonds,07:00,07:02,07:25,02/03/2026,
Spokane,Edmonds,Kingston,07:55,07:56,08:17,02/03/2026,
Spokane,Kingston,Edmonds,08:40,08:42,09:03,02/03/2026,
Spokane,Edmonds,Kingston,09:35,09:36,09:58,02/03/2026,
Spokane,Kingston,Edmonds,10:20,10:21,10:55,02/03/2026,
Spokane,Edmonds,Kingston,11:05,11:09,11:33,02/03/2026,
Spokane,Kingston,Edmonds,11:55,11:56,12:18,02/03/2026,
Spokane,Edmonds,Kingston,12:40,12:41,13:03,02/03/2026,
Spokane,Kingston,Edmonds,13:30,13:31,13:55,02/03/2026,
Spokane,Edmonds,Kingston,14:25,14:25,14:49,02/03/2026,
Spokane,Kingston,Edmonds,15:10,15:13,15:33,02/03/2026,
Spokane,Edmonds,Kingston,15:55,15:56,16:18,02/03/2026,
Spokane,Kingston,Edmonds,16:40,16:40,17:03,02/03/2026,
Spokane,Edmonds,Kingston,17:25,17:26,17:47,02/03/2026,
Spokane,Kingston,Edmonds,18:10,18:10,18:32,02/03/2026,
Spokane,Edmonds,Kingston,19:00,19:01,19:23,02/03/2026,
Spokane,Kingston,Edmonds,19:45,19:45,20:06,02/03/2026,
Spokane,Edmonds,Kingston,20:30,20:31,20:52,02/03/2026,
Spokane,Kingston,Edmonds,05:30,05:35,05:56,02/04/2026,
Spokane,Edmonds,Kingston,06:15,06:16,06:38,02/04/2026,
Spokane,Kingston,Edmonds,07:00,07:02,07:23,02/04/2026,
Spokane,Edmonds,Kingston,07:55,07:56,08:18,02/04/2026,
Spokane,Kingston,Edmonds,08:40,08:55,09:03,02/04/2026,
Spokane,Edmonds,Kingston,09:35,09:35,09:57,02/04/2026,
Spokane,Kingston,Edmonds,10:20,10:21,10:43,02/04/2026,
Spokane,Edmonds,Kingston,11:05,11:07,11:28,02/04/2026,
Spokane,Kingston,Edmonds,11:55,11:57,12:20,02/04/2026,
Spokane,Edmonds,Kingston,12:40,12:41,13:02,02/04/2026,
Spokane,Kingston,Edmonds,13:30,13:31,13:54,02/04/2026,
Spokane,Edmonds,Kingston,14:25,14:28,14:49,02/04/2026,
Spokane,Kingston,Edmonds,15:10,15:11,15:35,02/04/2026,
Spokane,Edmonds,Kingston,15:55,15:56,16:19,02/04/2026,
Spokane,Kingston,Edmonds,16:40,16:41,17:05,02/04/2026,
Spokane,Edmonds,Kingston,17:25,17:25,17:48,02/04/2026,
Spokane,Kingston,Edmonds,18:10,18:10,18:33,02/04/2026,
Spokane,Edmonds,Kingston,19:00,19:01,19:23,02/04/2026,
Spokane,Kingston,Edmonds,19:45,19:46,20:08,02/04/2026,
Spokane,Edmonds,Kingston,20:30,20:32,20:53,02/04/2026,
Spokane,Kingston,Edmonds,10:20,10:21,10:43,02/05/2026,
Spokane,Edmonds,Kingston,11:05,11:06,11:28,02/05/2026,
Spokane,Kingston,Edmonds,11:55,11:57,12:19,02/05/2026,
Spokane,Edmonds,Kingston,12:40,12:42,13:03,02/05/2026,
Spokane,Kingston,Edmonds,13:30,13:33,13:55,02/05/2026,
Spokane,Edmonds,Kingston,14:25,14:26,14:48,02/05/2026,
Spokane,Kingston,Edmonds,15:10,15:11,15:35,02/05/2026,
Spokane,Edmonds,Kingston,15:55,16:03,16:17,02/05/2026,
Spokane,Kingston,Edmonds,16:40,16:42,17:04,02/05/2026,
Spokane,Edmonds,Kingston,17:25,17:26,17:48,02/05/2026,
Spokane,Kingston,Edmonds,18:10,18:11,18:33,02/05/2026,
Spokane,Edmonds,Kingston,19:00,19:01,19:23,02/05/2026,
Spokane,Kingston,Edmonds,19:45,19:46,20:07,02/05/2026,
Spokane,Edmonds,Kingston,20:30,20:31,20:53,02/05/2026,
Spokane,Kingston,Edmonds,05:30,05:35,05:57,02/06/2026,
Spokane,Edmonds,Kingston,06:15,06:16,06:37,02/06/2026,
Spokane,Kingston,Edmonds,07:00,07:01,07:22,02/06/2026,
Spokane,Edmonds,Kingston,07:55,07:57,08:18,02/06/2026,
Spokane,Kingston,Edmonds,08:40,08:41,09:02,02/06/2026,
Spokane,Edmonds,Kingston,09:35,09:36,10:00,02/06/2026,
Spokane,Kingston,Edmonds,10:20,10:33,10:55,02/06/2026,
Spokane,Edmonds,Kingston,11:05,11:13,11:35,02/06/2026,
Spokane,Kingston,Edmonds,11:55,11:57,12:20,02/06/2026,
Spokane,Edmonds,Kingston,12:40,12:41,13:03,02/06/2026,
Spokane,Kingston,Edmonds,13:30,13:33,13:56,02/06/2026,
Spokane,Edmonds,Kingston,14:25,14:29,14:52,02/06/2026,
Spokane,Kingston,Edmonds,15:10,15:14,15:38,02/06/2026,
Spokane,Edmonds,Kingston,15:55,16:03,16:24,02/06/2026,
Spokane,Kingston,Edmonds,16:40,16:47,17:09,02/06/2026,
Spokane,Edmonds,Kingston,17:25,17:31,17:53,02/06/2026,
Spokane,Kingston,Edmonds,18:10,18:12,18:35,02/06/2026,
Spokane,Edmonds,Kingston,19:00,19:01,19:24,02/06/2026,
Spokane,Kingston,Edmonds,19:45,19:47,20:09,02/06/2026,
Spokane,Edmonds,Kingston,20:30,20:31,20:54,02/06/2026,
Spokane,Kingston,Edmonds,21:10,21:12,21:35,02/06/2026,
Spokane,Edmonds,Kingston,21:50,21:51,22:13,02/06/2026,
Spokane,Kingston,Edmonds,22:30,22:30,22:53,02/06/2026,
Spokane,Edmonds,Kingston,23:10,23:11,23:32,02/06/2026,
Spokane,Kingston,Edmonds,07:00,07:00,07:23,02/07/2026,
Spokane,Edmonds,Kingston,07:55,07:56,08:18,02/07/2026,
Spokane,Kingston,Edmonds,08:40,08:41,09:03,02/07/2026,
Spokane,Edmonds,Kingston,09:35,09:37,09:59,02/07/2026,
Spokane,Kingston,Edmonds,10:20,10:21,10:43,02/07/2026,
Spokane,Edmonds,Kingston,11:05,11:06,11:28,02/07/2026,
Spokane,Kingston,Edmonds,11:55,11:56,12:17,02/07/2026,
Spokane,Edmonds,Kingston,12:40,12:43,13:04,02/07/2026,
Spokane,Kingston,Edmonds,13:30,13:31,13:53,02/07/2026,
Spokane,Edmonds,Kingston,14:25,14:28,14:52,02/07/2026,
Spokane,Kingston,Edmonds,15:10,15:16,15:39,02/07/2026,
Spokane,Edmonds,Kingston,15:55,16:01,16:22,02/07/2026,
Spokane,Kingston,Edmonds,16:40,16:43,17:05,02/07/2026,
Spokane,Edmonds,Kingston,17:25,17:26,17:48,02/07/2026,
Spokane,Kingston,Edmonds,18:10,18:10,18:32,02/07/2026,
Spokane,Edmonds,Kingston,19:00,19:01,19:23,02/07/2026,
Spokane,Kingston,Edmonds,19:45,19:46,20:08,02/07/2026,
Spokane,Edmonds,Kingston,20:30,20:31,20:53,02/07/2026,
Spokane,Kingston,Edmonds,21:10,21:10,21:32,02/07/2026,
Spokane,Edmonds,Kingston,21:50,21:51,22:12,02/07/2026,
Spokane,Kingston,Edmonds,07:00,07:09,07:31,02/08/2026,
Spokane,Edmonds,Kingston,07:55,07:56,08:17,02/08/2026,
Spokane,Kingston,Edmonds,08:40,08:41,09:03,02/08/2026,
Spokane,Edmonds,Kingston,09:35,09:40,10:02,02/08/2026,
Spokane,Kingston,Edmonds,10:20,10:21,10:43,02/08/2026,
Spokane,Edmonds,Kingston,11:05,11:07,11:28,02/08/2026,
Spokane,Kingston,Edmonds,11:55,11:56,12:17,02/08/2026,
Spokane,Edmonds,Kingston,12:40,12:42,13:04,02/08/2026,
Spokane,Kingston,Edmonds,13:30,13:33,13:55,02/08/2026,
Spokane,Edmonds,Kingston,14:25,14:26,14:48,02/08/2026,
Spokane,Kingston,Edmonds,15:10,15:10,15:32,02/08/2026,
Spokane,Edmonds,Kingston,15:55,15:55,16:19,02/08/2026,
Spokane,Kingston,Edmonds,16:40,16:41,17:03,02/08/2026,
Spokane,Edmonds,Kingston,17:25,17:26,17:48,02/08/2026,
Spokane,Kingston,Edmonds,18:10,18:11,18:32,02/08/2026,
Spokane,Edmonds,Kingston,19:00,19:01,19:22,02/08/2026,
Spokane,Kingston,Edmonds,19:45,19:46,20:07,02/08/2026,
Spokane,Edmonds,Kingston,20:30,20:31,20:53,02/08/2026,
Spokane,Kingston,Edmonds,21:10,21:13,21:34,02/08/2026,
Spokane,Edmonds,Kingston,21:50,21:52,22:14,02/08/2026,
Spokane,Kingston,Edmonds,22:30,22:30,22:52,02/08/2026,
Spokane,Edmonds,Kingston,23:10,23:10,23:32,02/08/2026,
Spokane,Kingston,Edmonds,05:30,05:37,06:00,02/09/2026,
Spokane,Edmonds,Kingston,06:15,06:19,06:41,02/09/2026,
Spokane,Kingston,Edmonds,07:00,07:01,07:23,02/09/2026,
Spokane,Edmonds,Kingston,07:55,07:56,08:18,02/09/2026,
Spokane,Kingston,Edmonds,08:40,08:42,09:05,02/09/2026,
Spokane,Edmonds,Kingston,09:35,09:37,09:59,02/09/2026,
Spokane,Kingston,Edmonds,10:20,10:20,10:43,02/09/2026,
Spokane,Edmonds,Kingston,11:05,11:06,11:29,02/09/2026,
Spokane,Kingston,Edmonds,11:55,11:56,12:18,02/09/2026,
Spokane,Edmonds,Kingston,12:40,12:41,13:03,02/09/2026,
Spokane,Kingston,Edmonds,13:30,13:30,13:53,02/09/2026,
Spokane,Edmonds,Kingston,14:25,14:25,14:49,02/09/2026,
Spokane,Kingston,Edmonds,15:10,15:11,15:33,02/09/2026,
Spokane,Edmonds,Kingston,15:55,15:56,16:18,02/09/2026,
Spokane,Kingston,Edmonds,16:40,16:40,17:03,02/09/2026,
Spokane,Edmonds,Kingston,17:25,17:27,17:48,02/09/2026,
Spokane,Kingston,Edmonds,18:10,18:14,18:35,02/09/2026,
Spokane,Edmonds,Kingston,19:00,19:01,19:22,02/09/2026,
Spokane,Kingston,Edmonds,19:45,19:45,20:07,02/09/2026,
Spokane,Edmonds,Kingston,20:30,20:31,20:52,02/09/2026,
Spokane,Kingston,Edmonds,05:30,05:39,06:01,02/10/2026,
Spokane,Edmonds,Kingston,06:15,06:17,06:39,02/10/2026,
Spokane,Kingston,Edmonds,07:00,07:01,07:24,02/10/2026,
Spokane,Edmonds,Kingston,07:55,07:56,08:17,02/10/2026,
Spokane,Kingston,Edmonds,08:40,08:43,09:04,02/10/2026,
Spokane,Edmonds,Kingston,09:35,09:36,09:59,02/10/2026,
Spokane,Kingston,Edmonds,10:20,10:21,10:50,02/10/2026,
Spokane,Edmonds,Kingston,11:05,11:06,11:29,02/10/2026,
Spokane,Kingston,Edmonds,11:55,11:57,12:23,02/10/2026,
Spokane,Edmonds,Kingston,12:40,12:42,13:05,02/10/2026,
Spokane,Kingston,Edmonds,13:30,13:36,14:01,02/10/2026,
Spokane,Edmonds,Kingston,14:25,14:27,14:49,02/10/2026,
Spokane,Kingston,Edmonds,15:10,15:11,15:34,02/10/2026,
Spokane,Edmonds,Kingston,15:55,15:59,16:20,02/10/2026,
Spokane,Kingston,Edmonds,16:40,16:45,17:07,02/10/2026,
Spokane,Edmonds,Kingston,17:25,17:29,17:52,02/10/2026,
Spokane,Kingston,Edmonds,18:10,18:12,18:33,02/10/2026,
Spokane,Edmonds,Kingston,19:00,19:01,19:23,02/10/2026,
Spokane,Kingston,Edmonds,19:45,19:46,20:07,02/10/2026,
Spokane,Edmonds,Kingston,20:30,20:32,20:55,02/10/2026,
Spokane,Kingston,Edmonds,05:30,05:39,06:01,02/11/2026,
Spokane,Edmonds,Kingston,06:15,06:18,06:39,02/11/2026,
Spokane,Kingston,Edmonds,07:00,07:02,07:23,02/11/2026,
Spokane,Edmonds,Kingston,07:55,07:57,08:19,02/11/2026,
Spokane,Kingston,Edmonds,08:40,08:42,09:05,02/11/2026,
Spokane,Edmonds,Kingston,09:35,09:36,09:57,02/11/2026,
Spokane,Kingston,Edmonds,10:20,10:22,10:44,02/11/2026,
Spokane,Edmonds,Kingston,11:05,11:40,11:49,02/11/2026,
Spokane,Kingston,Edmonds,11:55,12:02,12:20,02/11/2026,
Spokane,Edmonds,Kingston,12:40,12:42,13:03,02/11/2026,
Spokane,Kingston,Edmonds,13:30,13:32,13:54,02/11/2026,
Spokane,Edmonds,Kingston,14:25,14:28,14:51,02/11/2026,
Spokane,Kingston,Edmonds,15:10,15:12,15:35,02/11/2026,
Spokane,Edmonds,Kingston,15:55,15:57,16:19,02/11/2026,
Spokane,Kingston,Edmonds,16:40,16:47,17:09,02/11/2026,
Spokane,Edmonds,Kingston,17:25,17:27,17:49,02/11/2026,
Spokane,Kingston,Edmonds,18:10,18:11,18:34,02/11/2026,
Spokane,Edmonds,Kingston,19:00,19:01,19:23,02/11/2026,
Spokane,Kingston,Edmonds,19:45,19:47,20:07,02/11/2026,
Spokane,Edmonds,Kingston,20:30,20:31,20:52,02/11/2026,
Spokane,Kingston,Edmonds,05:30,05:38,06:03,02/12/2026,
Spokane,Edmonds,Kingston,06:15,06:17,06:42,02/12/2026,
Spokane,Kingston,Edmonds,07:00,07:01,07:26,02/12/2026,
Spokane,Edmonds,Kingston,07:55,07:55,08:15,02/12/2026,
Spokane,Kingston,Edmonds,08:40,08:41,09:06,02/12/2026,
Spokane,Edmonds,Kingston,09:35,09:36,09:56,02/12/2026,
Spokane,Kingston,Edmonds,10:20,10:22,10:46,02/12/2026,
Spokane,Edmonds,Kingston,11:05,11:06,11:26,02/12/2026,
Spokane,Kingston,Edmonds,11:55,11:57,12:20,02/12/2026,
Spokane,Edmonds,Kingston,12:40,12:43,13:03,02/12/2026,
Spokane,Kingston,Edmonds,13:30,13:32,13:55,02/12/2026,
Spokane,Edmonds,Kingston,14:25,14:27,14:49,02/12/2026,
Spokane,Kingston,Edmonds,15:10,15:11,15:35,02/12/2026,
Spokane,Edmonds,Kingston,15:55,16:04,16:26,02/12/2026,
Spokane,Kingston,Edmonds,16:40,16:41,17:07,02/12/2026,
Spokane,Edmonds,Kingston,17:25,17:27,17:49,02/12/2026,
Spokane,Kingston,Edmonds,18:10,18:10,18:33,02/12/2026,
Spokane,Edmonds,Kingston,19:00,19:00,19:23,02/12/2026,
Spokane,Kingston,Edmonds,19:45,19:46,20:08,02/12/2026,
Spokane,Edmonds,Kingston,20:30,20:31,20:51,02/12/2026,
Spokane,Kingston,Edmonds,05:30,05:38,05:58,02/13/2026,
Spokane,Edmonds,Kingston,06:15,06:17,06:42,02/13/2026,
Spokane,Kingston,Edmonds,07:00,07:00,07:22,02/13/2026,
Spokane,Edmonds,Kingston,07:55,07:56,08:18,02/13/2026,
Spokane,Kingston,Edmonds,08:40,08:41,09:03,02/13/2026,
Spokane,Edmonds,Kingston,09:35,09:37,09:57,02/13/2026,
Spokane,Kingston,Edmonds,10:20,10:22,10:44,02/13/2026,
Spokane,Edmonds,Kingston,11:05,11:07,11:29,02/13/2026,
Spokane,Kingston,Edmonds,11:55,11:55,12:17,02/13/2026,
Spokane,Edmonds,Kingston,12:40,12:40,13:03,02/13/2026,
Spokane,Kingston,Edmonds,13:30,13:32,13:54,02/13/2026,
Spokane,Edmonds,Kingston,14:25,14:27,14:50,02/13/2026,
Spokane,Kingston,Edmonds,15:10,15:12,15:33,02/13/2026,
Spokane,Edmonds,Kingston,15:55,15:59,16:21,02/13/2026,
Spokane,Kingston,Edmonds,16:40,16:42,17:07,02/13/2026,
Spokane,Edmonds,Kingston,17:25,17:33,17:55,02/13/2026,
Spokane,Kingston,Edmonds,18:10,18:12,18:35,02/13/2026,
Spokane,Edmonds,Kingston,19:00,19:01,19:23,02/13/2026,
Spokane,Kingston,Edmonds,19:45,19:45,20:06,02/13/2026,
Spokane,Edmonds,Kingston,20:30,20:30,20:53,02/13/2026,
Spokane,Kingston,Edmonds,21:10,21:11,21:31,02/13/2026,
Spokane,Edmonds,Kingston,21:50,21:50,22:13,02/13/2026,
Spokane,Kingston,Edmonds,22:30,22:31,22:52,02/13/2026,
Spokane,Edmonds,Kingston,23:10,23:11,23:32,02/13/2026,
Spokane,Kingston,Edmonds,07:00,07:02,07:23,02/14/2026,
Spokane,Edmonds,Kingston,07:55,07:57,08:18,02/14/2026,
Spokane,Kingston,Edmonds,08:40,08:42,09:02,02/14/2026,
Spokane,Edmonds,Kingston,09:35,09:39,10:04,02/14/2026,
Spokane,Kingston,Edmonds,10:20,10:24,10:45,02/14/2026,
Spokane,Edmonds,Kingston,11:05,11:13,11:34,02/14/2026,
Spokane,Kingston,Edmonds,11:55,11:58,12:19,02/14/2026,
Spokane,Edmonds,Kingston,12:40,12:45,13:07,02/14/2026,
Spokane,Kingston,Edmonds,13:30,13:32,13:55,02/14/2026,
Spokane,Edmonds,Kingston,14:25,14:26,14:48,02/14/2026,
Spokane,Kingston,Edmonds,15:10,15:11,15:33,02/14/2026,
Spokane,Edmonds,Kingston,15:55,15:56,16:18,02/14/2026,
Spokane,Kingston,Edmonds,16:40,16:43,17:03,02/14/2026,
Spokane,Edmonds,Kingston,17:25,17:27,17:48,02/14/2026,
Spokane,Kingston,Edmonds,18:10,18:12,18:32,02/14/2026,
Spokane,Edmonds,Kingston,19:00,19:02,19:23,02/14/2026,
Spokane,Kingston,Edmonds,19:45,19:46,20:06,02/14/2026,
Spokane,Edmonds,Kingston,20:30,20:31,20:52,02/14/2026,
Spokane,Kingston,Edmonds,21:10,21:11,21:33,02/14/2026,
Spokane,Edmonds,Kingston,21:50,21:51,22:12,02/14/2026,
Spokane,Kingston,Edmonds,07:00,07:06,07:27,02/15/2026,
Spokane,Edmonds,Kingston,07:55,07:57,08:18,02/15/2026,
Spokane,Kingston,Edmonds,08:40,08:41,09:03,02/15/2026,
Spokane,Edmonds,Kingston,09:35,09:39,10:00,02/15/2026,
Spokane,Kingston,Edmonds,10:20,10:22,10:44,02/15/2026,
Spokane,Edmonds,Kingston,11:05,11:07,11:27,02/15/2026,
Spokane,Kingston,Edmonds,11:55,11:57,12:19,02/15/2026,
Spokane,Edmonds,Kingston,12:40,12:43,13:04,02/15/2026,
Spokane,Kingston,Edmonds,13:30,13:32,13:53,02/15/2026,
Spokane,Edmonds,Kingston,14:25,14:29,14:51,02/15/2026,
Spokane,Kingston,Edmonds,15:10,15:14,15:35,02/15/2026,
Spokane,Edmonds,Kingston,15:55,16:01,16:27,02/15/2026,
Spokane,Kingston,Edmonds,16:40,16:49,17:13,02/15/2026,
Spokane,Edmonds,Kingston,17:25,17:41,18:06,02/15/2026,
Spokane,Kingston,Edmonds,18:10,18:27,18:48,02/15/2026,
Spokane,Edmonds,Kingston,19:00,19:09,19:31,02/15/2026,
Spokane,Kingston,Edmonds,19:45,19:51,20:13,02/15/2026,
Spokane,Edmonds,Kingston,20:30,20:31,20:54,02/15/2026,
Spokane,Kingston,Edmonds,21:10,21:11,21:33,02/15/2026,
Spokane,Edmonds,Kingston,21:50,21:51,22:12,02/15/2026,
Spokane,Kingston,Edmonds,22:30,22:33,22:59,02/15/2026,
Spokane,Edmonds,Kingston,23:10,23:11,23:32,02/15/2026,
Spokane,Kingston,Edmonds,05:30,05:34,05:56,02/16/2026,
Spokane,Edmonds,Kingston,06:15,06:15,06:36,02/16/2026,
Spokane,Kingston,Edmonds,07:00,07:01,07:22,02/16/2026,
Spokane,Edmonds,Kingston,07:55,07:55,08:16,02/16/2026,
Spokane,Kingston,Edmonds,08:40,08:41,09:02,02/16/2026,
Spokane,Edmonds,Kingston,09:35,09:37,09:58,02/16/2026,
Spokane,Kingston,Edmonds,10:20,10:24,10:45,02/16/2026,
Spokane,Edmonds,Kingston,11:05,11:06,11:26,02/16/2026,
Spokane,Kingston,Edmonds,11:55,11:57,12:18,02/16/2026,
Spokane,Edmonds,Kingston,12:40,12:41,13:02,02/16/2026,
Spokane,Kingston,Edmonds,13:30,13:31,13:51,02/16/2026,
Spokane,Edmonds,Kingston,14:25,14:26,14:48,02/16/2026,
Spokane,Kingston,Edmonds,15:10,15:16,15:37,02/16/2026,
Spokane,Edmonds,Kingston,15:55,15:57,16:21,02/16/2026,
Spokane,Kingston,Edmonds,16:40,16:42,17:03,02/16/2026,
Spokane,Edmonds,Kingston,17:25,17:26,17:48,02/16/2026,
Spokane,Kingston,Edmonds,18:10,18:11,18:35,02/16/2026,
Spokane,Edmonds,Kingston,19:00,19:01,19:23,02/16/2026,
Spokane,Kingston,Edmonds,19:45,19:45,20:10,02/16/2026,
Spokane,Edmonds,Kingston,20:30,20:31,20:52,02/16/2026,
Spokane,Kingston,Edmonds,05:30,05:34,05:56,02/17/2026,
Spokane,Edmonds,Kingston,06:15,06:15,06:37,02/17/2026,
Spokane,Kingston,Edmonds,07:00,07:02,07:24,02/17/2026,
Spokane,Edmonds,Kingston,07:55,07:57,08:18,02/17/2026,
Spokane,Kingston,Edmonds,08:40,08:41,09:05,02/17/2026,
Spokane,Edmonds,Kingston,09:35,09:37,09:57,02/17/2026,
Spokane,Kingston,Edmonds,10:20,10:23,10:44,02/17/2026,
Spokane,Edmonds,Kingston,11:05,11:06,11:28,02/17/2026,
Spokane,Kingston,Edmonds,11:55,11:55,12:18,02/17/2026,
Spokane,Edmonds,Kingston,12:40,12:41,13:02,02/17/2026,
Spokane,Kingston,Edmonds,13:30,13:32,13:58,02/17/2026,
Spokane,Edmonds,Kingston,14:25,14:25,14:48,02/17/2026,
Spokane,Kingston,Edmonds,15:10,15:19,15:35,02/17/2026,
Spokane,Edmonds,Kingston,15:55,16:01,16:18,02/17/2026,
Spokane,Kingston,Edmonds,16:40,16:41,17:03,02/17/2026,
Spokane,Edmonds,Kingston,17:25,17:27,17:48,02/17/2026,
Spokane,Kingston,Edmonds,18:10,18:10,18:32,02/17/2026,
Spokane,Edmonds,Kingston,19:00,19:02,19:24,02/17/2026,
Spokane,Kingston,Edmonds,19:45,19:45,20:06,02/17/2026,
Spokane,Edmonds,Kingston,20:30,20:31,20:53,02/17/2026,
Spokane,Kingston,Edmonds,05:30,05:37,05:58,02/18/2026,
Spokane,Edmonds,Kingston,06:15,06:15,06:37,02/18/2026,
Spokane,Kingston,Edmonds,07:00,07:01,07:23,02/18/2026,
Spokane,Edmonds,Kingston,07:55,07:55,08:19,02/18/2026,
Spokane,Kingston,Edmonds,08:40,09:07,09:09,02/18/2026,
Spokane,Edmonds,Kingston,09:35,09:36,09:57,02/18/2026,
Spokane,Kingston,Edmonds,10:20,10:23,10:44,02/18/2026,
Spokane,Edmonds,Kingston,11:05,11:05,11:27,02/18/2026,
Spokane,Kingston,Edmonds,11:55,11:56,12:17,02/18/2026,
Spokane,Edmonds,Kingston,12:40,12:42,13:02,02/18/2026,
Spokane,Kingston,Edmonds,13:30,13:31,13:53,02/18/2026,
Spokane,Edmonds,Kingston,14:25,14:27,14:48,02/18/2026,
Spokane,Kingston,Edmonds,15:10,15:11,15:34,02/18/2026,
Spokane,Edmonds,Kingston,15:55,15:57,16:20,02/18/2026,
Spokane,Kingston,Edmonds,16:40,16:41,17:02,02/18/2026,
Spokane,Edmonds,Kingston,17:25,17:26,17:47,02/18/2026,
Spokane,Kingston,Edmonds,18:10,18:10,18:33,02/18/2026,
Spokane,Edmonds,Kingston,19:00,19:02,19:24,02/18/2026,
Spokane,Kingston,Edmonds,19:45,19:45,20:07,02/18/2026,
Spokane,Edmonds,Kingston,20:30,20:31,20:51,02/18/2026,
Spokane,Kingston,Edmonds,05:30,05:38,06:00,02/19/2026,
Spokane,Edmonds,Kingston,06:15,06:16,06:39,02/19/2026,
Spokane,Kingston,Edmonds,07:00,07:01,07:23,02/19/2026,
Spokane,Edmonds,Kingston,07:55,07:56,08:19,02/19/2026,
Spokane,Kingston,Edmonds,08:40,08:46,09:07,02/19/2026,
Spokane,Edmonds,Kingston,09:35,09:38,10:00,02/19/2026,
Spokane,Kingston,Edmonds,10:20,10:21,10:42,02/19/2026,
Spokane,Edmonds,Kingston,11:05,11:07,11:30,02/19/2026,
Spokane,Kingston,Edmonds,11:55,11:57,12:19,02/19/2026,
Spokane,Edmonds,Kingston,12:40,12:41,13:02,02/19/2026,
Spokane,Kingston,Edmonds,13:30,13:31,13:54,02/19/2026,
Spokane,Edmonds,Kingston,14:25,14:26,14:49,02/19/2026,
Spokane,Kingston,Edmonds,15:10,15:10,15:34,02/19/2026,
Spokane,Edmonds,Kingston,15:55,15:57,16:18,02/19/2026,
Spokane,Kingston,Edmonds,16:40,16:41,17:02,02/19/2026,
Spokane,Edmonds,Kingston,17:25,17:26,17:48,02/19/2026,
Spokane,Kingston,Edmonds,18:10,18:11,18:32,02/19/2026,
Spokane,Edmonds,Kingston,19:00,19:01,19:23,02/19/2026,
Spokane,Kingston,Edmonds,19:45,19:47,20:09,02/19/2026,
Spokane,Edmonds,Kingston,20:30,20:31,20:52,02/19/2026,
Spokane,Kingston,Edmonds,05:30,05:35,05:56,02/20/2026,
Spokane,Edmonds,Kingston,06:15,06:16,06:39,02/20/2026,
Spokane,Kingston,Edmonds,07:00,07:00,07:22,02/20/2026,
Spokane,Edmonds,Kingston,07:55,07:56,08:17,02/20/2026,
Spokane,Kingston,Edmonds,08:40,08:41,09:03,02/20/2026,
Spokane,Edmonds,Kingston,09:35,09:35,09:58,02/20/2026,
Spokane,Kingston,Edmonds,10:20,10:23,10:45,02/20/2026,
Spokane,Edmonds,Kingston,11:05,11:10,11:31,02/20/2026,
Spokane,Kingston,Edmonds,11:55,11:56,12:18,02/20/2026,
Spokane,Edmonds,Kingston,12:40,12:44,13:05,02/20/2026,
Spokane,Kingston,Edmonds,13:30,13:30,13:55,02/20/2026,
Spokane,Edmonds,Kingston,14:25,14:31,14:52,02/20/2026,
Spokane,Kingston,Edmonds,15:10,15:14,15:35,02/20/2026,
Spokane,Edmonds,Kingston,15:55,15:59,16:20,02/20/2026,
Spokane,Kingston,Edmonds,16:40,16:41,17:04,02/20/2026,
Spokane,Edmonds,Kingston,17:25,17:27,17:49,02/20/2026,
Spokane,Kingston,Edmonds,18:10,18:11,18:32,02/20/2026,
Spokane,Edmonds,Kingston,19:00,19:02,19:24,02/20/2026,
Spokane,Kingston,Edmonds,19:45,19:45,20:07,02/20/2026,
