Vessel, Departing, Arriving, Scheduled Depart, Actual Depart, Est. Arrival, Date 
Tillikum,Anacortes,,06:15,06:15,00:00,12/12/2025,
Tillikum,Lopez,Friday Harbor,07:20,07:20,07:59,12/12/2025,
Tillikum,Friday Harbor,Anacortes,08:20,08:20,09:58,12/12/2025,
Tillikum,Anacortes,,10:05,10:16,00:00,12/12/2025,
Tillikum,Lopez,Orcas,11:10,11:16,11:39,12/12/2025,
Tillikum,Orcas,,11:50,11:53,00:00,12/12/2025,
Tillikum,Lopez,,12:20,12:25,00:00,12/12/2025,
Tillikum,Anacortes,Friday Harbor,13:50,13:55,15:22,12/12/2025,
Tillikum,Friday Harbor,,15:35,15:52,00:00,12/12/2025,
Tillikum,Lopez,,16:20,16:41,00:00,12/12/2025,
Tillikum,Anacortes,Friday Harbor,17:35,17:55,19:27,12/12/2025,
Tillikum,Friday Harbor,Lopez,19:20,19:37,20:21,12/12/2025,
Tillikum,Lopez,Anacortes,20:10,20:24,21:26,12/12/2025,
Tillikum,Anacortes,Friday Harbor,13:50,13:50,15:18,12/13/2025,
Tillikum,Friday Harbor,,15:35,15:39,00:00,12/13/2025,
Tillikum,Lopez,,16:20,16:26,00:00,12/13/2025,
Tillikum,Anacortes,Friday Harbor,17:35,17:38,19:06,12/13/2025,
Tillikum,Friday Harbor,Lopez,19:20,19:21,20:05,12/13/2025,
Tillikum,Lopez,Anacortes,20:10,20:10,21:11,12/13/2025,
Tillikum,Anacortes,,10:05,10:05,00:00,12/14/2025,
Tillikum,Lopez,Orcas,11:10,11:18,11:39,12/14/2025,
Tillikum,Orcas,,11:50,11:53,00:00,12/14/2025,
Tillikum,Lopez,,12:20,12:23,00:00,12/14/2025,
Tillikum,Anacortes,Friday Harbor,13:50,13:50,15:19,12/14/2025,
Tillikum,Friday Harbor,,15:35,15:35,00:00,12/14/2025,
Tillikum,Lopez,,16:20,16:23,00:00,12/14/2025,
Tillikum,Anacortes,Friday Harbor,17:35,17:35,19:04,12/14/2025,
Tillikum,Friday Harbor,Lopez,19:20,19:20,20:04,12/14/2025,
Tillikum,Lopez,Anacortes,20:10,20:10,21:25,12/14/2025,
Tillikum,Anacortes,,06:15,06:16,00:00,12/15/2025,
Tillikum,Lopez,Friday Harbor,07:20,07:31,08:12,12/15/2025,
Tillikum,Friday Harbor,Anacortes,08:20,08:38,10:14,12/15/2025,
Tillikum,Anacortes,,10:05,10:37,00:00,12/15/2025,
Tillikum,Lopez,Orcas,11:10,11:40,12:02,12/15/2025,
Tillikum,Orcas,,11:50,12:17,00:00,12/15/2025,
Tillikum,Lopez,,12:20,12:51,00:00,12/15/2025,
Tillikum,Anacortes,Lopez,13:45,14:33,15:30,12/15/2025,
Tillikum,Lopez,Friday Harbor,14:45,15:37,16:23,12/15/2025,
Tillikum,Friday Harbor,Lopez,15:45,16:39,17:43,12/15/2025,
Tillikum,Anacortes,Friday Harbor,17:35,19:14,20:47,12/15/2025,
Tillikum,Friday Harbor,Lopez,19:20,21:00,21:45,12/15/2025,
Tillikum,Lopez,Anacortes,20:10,21:49,22:48,12/15/2025,
Tillikum,Anacortes,,06:15,06:19,00:00,12/16/2025,
Tillikum,Lopez,Friday Harbor,07:20,07:24,08:04,12/16/2025,
Tillikum,Friday Harbor,Anacortes,08:20,08:36,10:10,12/16/2025,
Tillikum,Anacortes,,10:05,10:37,00:00,12/16/2025,
Tillikum,Lopez,Orcas,11:10,11:41,12:02,12/16/2025,
Tillikum,Orcas,,11:50,12:18,00:00,12/16/2025,
Tillikum,Lopez,,12:20,12:53,00:00,12/16/2025,
Tillikum,Anacortes,Lopez,13:45,14:17,15:11,12/16/2025,
Tillikum,Lopez,Friday Harbor,14:45,15:18,16:01,12/16/2025,
Tillikum,Friday Harbor,Lopez,15:45,16:34,17:06,12/16/2025,
Tillikum,Lopez,Anacortes,16:30,17:14,18:18,12/16/2025,
Tillikum,Anacortes,,06:15,06:15,00:00,12/17/2025,
Tillikum,Lopez,Friday Harbor,07:20,07:29,08:11,12/17/2025,
Tillikum,Friday Harbor,Anacortes,08:20,09:13,10:14,12/17/2025,
Tillikum,Anacortes,,10:05,10:33,00:00,12/17/2025,
Tillikum,Lopez,Orcas,11:10,11:40,12:01,12/17/2025,
Tillikum,Orcas,,11:50,12:16,00:00,12/17/2025,
Tillikum,Anacortes,Lopez,13:45,14:17,15:09,12/17/2025,
Tillikum,Lopez,Friday Harbor,14:45,15:14,15:55,12/17/2025,
Tillikum,Friday Harbor,Lopez,15:45,16:14,16:59,12/17/2025,
Tillikum,Lopez,Anacortes,16:30,17:08,18:09,12/17/2025,
Tillikum,Anacortes,Friday Harbor,17:35,18:26,19:52,12/17/2025,
Tillikum,Friday Harbor,Lopez,19:20,20:04,20:46,12/17/2025,
Tillikum,Lopez,Anacortes,20:10,20:50,21:49,12/17/2025,
Tillikum,Anacortes,,06:15,06:18,00:00,12/18/2025,
Tillikum,Lopez,Friday Harbor,07:20,07:23,08:01,12/18/2025,
Tillikum,Friday Harbor,Anacortes,08:20,08:27,10:09,12/18/2025,
Tillikum,Anacortes,,10:05,10:24,00:00,12/18/2025,
Tillikum,Lopez,Orcas,11:10,11:32,11:53,12/18/2025,
Tillikum,Orcas,,11:50,12:06,00:00,12/18/2025,
Tillikum,Lopez,,12:20,12:42,00:00,12/18/2025,
Tillikum,Anacortes,Friday Harbor,13:50,14:11,15:40,12/18/2025,
Tillikum,Friday Harbor,,15:35,16:03,00:00,12/18/2025,
Tillikum,Lopez,,16:20,17:12,00:00,12/18/2025,
Tillikum,Anacortes,,06:15,06:15,00:00,12/19/2025,
Tillikum,Lopez,Friday Harbor,07:20,07:20,08:01,12/19/2025,
Tillikum,Friday Harbor,Anacortes,08:20,08:27,10:06,12/19/2025,
Tillikum,Anacortes,,10:05,10:25,00:00,12/19/2025,
Tillikum,Lopez,Orcas,11:10,11:27,11:49,12/19/2025,
Tillikum,Orcas,,11:50,12:04,00:00,12/19/2025,
Tillikum,Lopez,,12:20,12:40,00:00,12/19/2025,
Tillikum,Anacortes,Friday Harbor,13:50,14:02,15:30,12/19/2025,
Tillikum,Friday Harbor,,15:35,15:50,00:00,12/19/2025,
Tillikum,Lopez,,16:20,16:36,00:00,12/19/2025,
Tillikum,Anacortes,Friday Harbor,17:35,17:49,19:14,12/19/2025,
Tillikum,Friday Harbor,Lopez,19:20,19:22,20:04,12/19/2025,
Tillikum,Lopez,Anacortes,20:10,20:10,21:10,12/19/2025,
Tillikum,Anacortes,,22:00,22:22,00:00,12/19/2025,
Tillikum,Friday Harbor,,06:05,06:11,00:00,12/20/2025,
Tillikum,Lopez,,06:50,06:59,00:00,12/20/2025,
Tillikum,Shaw,,07:20,07:21,00:00,12/20/2025,
Tillikum,Orcas,,07:40,07:41,00:00,12/20/2025,
Tillikum,Friday Harbor,,08:45,08:46,00:00,12/20/2025,
Tillikum,Orcas,,09:45,09:48,00:00,12/20/2025,
Tillikum,Shaw,,10:00,10:01,00:00,12/20/2025,
Tillikum,Lopez,,10:30,10:30,00:00,12/20/2025,
Tillikum,Friday Harbor,,11:30,11:50,00:00,12/20/2025,
Tillikum,Orcas,,12:50,12:51,00:00,12/20/2025,
Tillikum,Shaw,,13:05,13:05,00:00,12/20/2025,
Tillikum,Lopez,,13:35,13:35,00:00,12/20/2025,
Tillikum,Friday Harbor,,14:30,14:31,00:00,12/20/2025,
Tillikum,Lopez,,15:20,15:20,00:00,12/20/2025,
Tillikum,Shaw,,15:45,15:45,00:00,12/20/2025,
Tillikum,Orcas,,16:05,16:05,00:00,12/20/2025,
Tillikum,Shaw,,16:20,16:20,00:00,12/20/2025,
Tillikum,Lopez,,16:50,16:50,00:00,12/20/2025,
Tillikum,Friday Harbor,,17:40,17:40,00:00,12/20/2025,
Tillikum,Orcas,,19:00,19:00,00:00,12/20/2025,
Tillikum,Shaw,,19:15,19:15,00:00,12/20/2025,
Tillikum,Lopez,,19:45,19:45,00:00,12/20/2025,
Tillikum,Shaw,,20:10,20:10,00:00,12/20/2025,
Tillikum,Orcas,,20:30,20:30,00:00,12/20/2025,
Tillikum,Friday Harbor,,06:05,06:15,00:00,12/21/2025,
Tillikum,Lopez,,06:50,07:08,00:00,12/21/2025,
Tillikum,Shaw,,07:20,07:30,00:00,12/21/2025,
Tillikum,Orcas,,07:40,07:42,00:00,12/21/2025,
Tillikum,Friday Harbor,,08:45,08:47,00:00,12/21/2025,
Tillikum,Orcas,,09:45,09:45,00:00,12/21/2025,
Tillikum,Shaw,,10:00,10:00,00:00,12/21/2025,
Tillikum,Lopez,,10:30,10:30,00:00,12/21/2025,
Tillikum,Friday Harbor,,11:30,11:47,00:00,12/21/2025,
Tillikum,Orcas,,12:50,12:51,00:00,12/21/2025,
Tillikum,Shaw,,13:05,13:05,00:00,12/21/2025,
Tillikum,Lopez,,13:35,13:36,00:00,12/21/2025,
Tillikum,Friday Harbor,,14:30,14:33,00:00,12/21/2025,
Tillikum,Friday Harbor,,17:40,17:54,00:00,12/21/2025,
Tillikum,Orcas,,19:00,19:07,00:00,12/21/2025,
Tillikum,Shaw,,19:15,19:17,00:00,12/21/2025,
Tillikum,Lopez,,19:45,19:45,00:00,12/21/2025,
Tillikum,Shaw,,20:10,20:13,00:00,12/21/2025,
Tillikum,Orcas,,20:30,20:30,00:00,12/21/2025,
Tillikum,Lopez,,06:50,07:23,00:00,12/22/2025,
Tillikum,Shaw,,07:20,07:45,00:00,12/22/2025,
Tillikum,Orcas,,07:40,08:02,00:00,12/22/2025,
Tillikum,Friday Harbor,,08:45,08:55,00:00,12/22/2025,
Tillikum,Orcas,,09:45,09:46,00:00,12/22/2025,
Tillikum,Shaw,,10:00,09:59,00:00,12/22/2025,
Tillikum,Lopez,,10:30,10:30,00:00,12/22/2025,
Tillikum,Friday Harbor,,11:30,12:05,00:00,12/22/2025,
Tillikum,Orcas,,12:50,12:56,00:00,12/22/2025,
Tillikum,Shaw,,13:05,13:13,00:00,12/22/2025,
Tillikum,Lopez,,13:35,13:47,00:00,12/22/2025,
Tillikum,Friday Harbor,,14:30,14:43,00:00,12/22/2025,
Tillikum,Lopez,,15:20,15:29,00:00,12/22/2025,
Tillikum,Shaw,,15:45,15:52,00:00,12/22/2025,
Tillikum,Orcas,,16:05,16:13,00:00,12/22/2025,
Tillikum,Shaw,,16:20,16:26,00:00,12/22/2025,
Tillikum,Lopez,,17:15,17:15,00:00,12/22/2025,
Tillikum,Friday Harbor,,17:40,18:10,00:00,12/22/2025,
Tillikum,Orcas,,19:00,19:01,00:00,12/22/2025,
Tillikum,Shaw,,19:15,19:15,00:00,12/22/2025,
Tillikum,Lopez,,19:45,19:56,00:00,12/22/2025,
Tillikum,Orcas,,20:30,20:38,00:00,12/22/2025,
Tillikum,Friday Harbor,Lopez,06:05,06:10,06:49,12/23/2025,
Tillikum,Lopez,Shaw,06:50,06:56,07:18,12/23/2025,
Tillikum,Shaw,Orcas,07:20,07:22,07:32,12/23/2025,
Tillikum,Orcas,Friday Harbor,07:40,07:43,08:32,12/23/2025,
Tillikum,Friday Harbor,Orcas,08:45,08:46,09:30,12/23/2025,
Tillikum,Orcas,Shaw,09:45,09:47,09:55,12/23/2025,
Tillikum,Shaw,Lopez,10:00,10:04,10:24,12/23/2025,
Tillikum,Lopez,Friday Harbor,10:30,10:31,11:10,12/23/2025,
Tillikum,Friday Harbor,Orcas,11:30,11:51,12:37,12/23/2025,
Tillikum,Orcas,Shaw,12:50,12:55,13:04,12/23/2025,
Tillikum,Shaw,Lopez,13:05,13:08,13:26,12/23/2025,
Tillikum,Lopez,Friday Harbor,13:35,13:35,14:14,12/23/2025,
Tillikum,Friday Harbor,Lopez,14:30,14:31,15:12,12/23/2025,
Tillikum,Lopez,Shaw,15:20,15:20,15:38,12/23/2025,
Tillikum,Shaw,Orcas,15:45,15:45,15:52,12/23/2025,
Tillikum,Orcas,Shaw,16:05,16:06,16:14,12/23/2025,
Tillikum,Shaw,Lopez,16:20,16:20,16:40,12/23/2025,
Tillikum,Lopez,Friday Harbor,16:50,16:50,17:30,12/23/2025,
Tillikum,Friday Harbor,Orcas,17:40,17:45,18:31,12/23/2025,
Tillikum,Orcas,Shaw,19:00,19:00,19:11,12/23/2025,
Tillikum,Shaw,Lopez,19:15,19:15,19:44,12/23/2025,
Tillikum,Lopez,Shaw,19:45,19:45,20:09,12/23/2025,
Tillikum,Shaw,Orcas,20:10,20:10,20:53,12/23/2025,
Tillikum,Friday Harbor,Lopez,06:05,06:08,06:49,12/24/2025,
Tillikum,Lopez,Shaw,06:50,06:55,07:14,12/24/2025,
Tillikum,Shaw,Orcas,07:20,07:20,07:29,12/24/2025,
Tillikum,Orcas,Friday Harbor,07:40,07:40,08:28,12/24/2025,
Tillikum,Friday Harbor,Orcas,08:45,08:45,09:33,12/24/2025,
Tillikum,Orcas,Shaw,09:45,09:45,09:52,12/24/2025,
Tillikum,Shaw,Lopez,10:00,10:00,10:20,12/24/2025,
Tillikum,Lopez,Friday Harbor,10:30,10:31,11:09,12/24/2025,
Tillikum,Friday Harbor,Orcas,11:30,11:47,12:21,12/24/2025,
Tillikum,Orcas,Shaw,12:50,12:50,12:59,12/24/2025,
Tillikum,Shaw,Lopez,13:05,13:05,13:25,12/24/2025,
Tillikum,Lopez,Friday Harbor,13:35,13:55,14:17,12/24/2025,
Tillikum,Friday Harbor,Lopez,14:30,14:30,15:07,12/24/2025,
Tillikum,Lopez,Shaw,15:20,15:20,15:38,12/24/2025,
Tillikum,Shaw,Orcas,15:45,15:49,15:53,12/24/2025,
Tillikum,Orcas,Shaw,16:05,16:05,16:13,12/24/2025,
Tillikum,Shaw,Lopez,16:20,16:20,16:40,12/24/2025,
Tillikum,Lopez,Friday Harbor,16:50,16:50,17:32,12/24/2025,
Tillikum,Friday Harbor,Orcas,17:40,18:04,18:40,12/24/2025,
Tillikum,Orcas,Shaw,19:00,19:01,19:09,12/24/2025,
Tillikum,Shaw,Lopez,19:15,19:15,19:35,12/24/2025,
Tillikum,Orcas,Friday Harbor,20:30,20:30,21:09,12/24/2025,
Tillikum,Friday Harbor,Lopez,06:05,06:05,06:42,12/25/2025,
Tillikum,Lopez,Shaw,06:50,06:50,07:13,12/25/2025,
Tillikum,Shaw,Orcas,07:20,07:21,07:30,12/25/2025,
Tillikum,Orcas,Friday Harbor,07:40,07:40,08:24,12/25/2025,
Tillikum,Friday Harbor,Orcas,08:45,08:45,09:22,12/25/2025,
Tillikum,Orcas,Shaw,09:45,09:45,09:52,12/25/2025,
Tillikum,Shaw,Lopez,10:00,10:00,10:18,12/25/2025,
Tillikum,Lopez,Friday Harbor,10:30,10:30,11:10,12/25/2025,
Tillikum,Friday Harbor,Orcas,11:30,11:52,12:38,12/25/2025,
Tillikum,Orcas,Shaw,12:50,12:52,12:59,12/25/2025,
Tillikum,Shaw,Lopez,13:05,13:05,13:24,12/25/2025,
Tillikum,Lopez,Friday Harbor,13:35,13:35,14:15,12/25/2025,
Tillikum,Friday Harbor,Lopez,14:30,14:30,15:12,12/25/2025,
Tillikum,Lopez,Shaw,15:20,15:20,15:38,12/25/2025,
Tillikum,Shaw,Orcas,15:45,15:45,15:53,12/25/2025,
Tillikum,Orcas,Shaw,16:05,16:05,16:12,12/25/2025,
Tillikum,Shaw,Lopez,16:20,16:20,16:41,12/25/2025,
Tillikum,Lopez,Friday Harbor,16:50,16:50,17:30,12/25/2025,
Tillikum,Friday Harbor,Orcas,17:40,17:43,18:30,12/25/2025,
Tillikum,Lopez,Shaw,19:45,19:53,20:04,12/25/2025,
Tillikum,Shaw,Orcas,20:10,20:10,20:17,12/25/2025,
Tillikum,Orcas,Friday Harbor,20:30,20:30,21:17,12/25/2025,
Tillikum,Friday Harbor,Lopez,06:05,06:05,06:47,12/26/2025,
Tillikum,Lopez,Shaw,06:50,06:53,07:13,12/26/2025,
Tillikum,Shaw,Orcas,07:20,07:20,07:28,12/26/2025,
Tillikum,Orcas,Friday Harbor,07:40,07:40,08:28,12/26/2025,
Tillikum,Friday Harbor,Orcas,08:45,08:47,09:33,12/26/2025,
Tillikum,Orcas,Shaw,09:45,09:46,09:54,12/26/2025,
Tillikum,Shaw,Lopez,10:00,10:01,10:21,12/26/2025,
Tillikum,Lopez,Friday Harbor,10:30,10:30,11:10,12/26/2025,
Tillikum,Friday Harbor,Orcas,11:30,11:47,12:22,12/26/2025,
Tillikum,Orcas,Shaw,12:50,12:50,12:59,12/26/2025,
Tillikum,Shaw,Lopez,13:05,13:06,13:26,12/26/2025,
Tillikum,Lopez,Friday Harbor,13:35,13:35,14:20,12/26/2025,
Tillikum,Friday Harbor,Lopez,14:30,14:31,15:13,12/26/2025,
Tillikum,Lopez,Shaw,15:20,15:20,15:40,12/26/2025,
Tillikum,Shaw,Orcas,15:45,15:45,15:52,12/26/2025,
Tillikum,Orcas,Shaw,16:05,16:05,16:15,12/26/2025,
Tillikum,Shaw,Lopez,16:20,16:20,16:40,12/26/2025,
Tillikum,Lopez,Friday Harbor,16:50,16:50,17:34,12/26/2025,
Tillikum,Friday Harbor,Orcas,17:40,18:10,18:53,12/26/2025,
Tillikum,Orcas,Shaw,19:00,19:02,19:13,12/26/2025,
Tillikum,Shaw,Lopez,19:15,19:18,19:39,12/26/2025,
Tillikum,Anacortes,Friday Harbor,22:00,22:00,23:31,12/26/2025,
Tillikum,Friday Harbor,Lopez,06:05,06:09,06:46,12/27/2025,
Tillikum,Lopez,Shaw,06:50,06:55,07:17,12/27/2025,
Tillikum,Shaw,Orcas,07:20,07:21,07:29,12/27/2025,
Tillikum,Orcas,Friday Harbor,07:40,07:41,08:25,12/27/2025,
Tillikum,Friday Harbor,Orcas,08:45,08:45,09:30,12/27/2025,
Tillikum,Orcas,Shaw,09:45,09:46,09:54,12/27/2025,
Tillikum,Shaw,Lopez,10:00,10:01,10:20,12/27/2025,
Tillikum,Lopez,Friday Harbor,10:30,10:30,11:12,12/27/2025,
Tillikum,Friday Harbor,Orcas,11:30,11:54,12:41,12/27/2025,
Tillikum,Orcas,Shaw,12:50,12:53,13:01,12/27/2025,
Tillikum,Shaw,Lopez,13:05,13:05,13:24,12/27/2025,
Tillikum,Lopez,Friday Harbor,13:35,13:34,14:16,12/27/2025,
Tillikum,Friday Harbor,Lopez,14:30,14:31,15:12,12/27/2025,
Tillikum,Lopez,Shaw,15:20,15:20,15:40,12/27/2025,
Tillikum,Shaw,Orcas,15:45,15:45,15:53,12/27/2025,
Tillikum,Orcas,Shaw,16:05,16:06,16:14,12/27/2025,
Tillikum,Shaw,Lopez,16:20,16:19,16:39,12/27/2025,
Tillikum,Lopez,Friday Harbor,16:50,16:50,17:35,12/27/2025,
Tillikum,Friday Harbor,Orcas,17:40,17:44,18:29,12/27/2025,
Tillikum,Orcas,Shaw,19:00,19:01,19:14,12/27/2025,
Tillikum,Shaw,Lopez,19:15,19:18,19:39,12/27/2025,
Tillikum,Lopez,Shaw,19:45,19:47,20:08,12/27/2025,
Tillikum,Shaw,Orcas,20:10,20:11,20:19,12/27/2025,
Tillikum,Orcas,Friday Harbor,20:30,20:31,21:19,12/27/2025,
Tillikum,Friday Harbor,Lopez,06:05,06:07,06:48,12/28/2025,
Tillikum,Lopez,Shaw,06:50,06:53,07:15,12/28/2025,
Tillikum,Shaw,Orcas,07:20,07:20,07:29,12/28/2025,
Tillikum,Orcas,Friday Harbor,07:40,07:40,08:32,12/28/2025,
Tillikum,Friday Harbor,Orcas,08:45,08:45,09:31,12/28/2025,
Tillikum,Orcas,Shaw,09:45,09:45,09:53,12/28/2025,
Tillikum,Shaw,Lopez,10:00,10:00,10:21,12/28/2025,
Tillikum,Lopez,Friday Harbor,10:30,10:30,11:13,12/28/2025,
Tillikum,Friday Harbor,Orcas,11:30,11:44,12:29,12/28/2025,
Tillikum,Orcas,Shaw,12:50,12:50,12:59,12/28/2025,
Tillikum,Shaw,Lopez,13:05,13:05,13:25,12/28/2025,
Tillikum,Lopez,Friday Harbor,13:35,13:35,14:18,12/28/2025,
Tillikum,Friday Harbor,Anacortes,14:30,14:32,15:56,12/28/2025,
Tillikum,Friday Harbor,Orcas,17:40,17:47,18:31,12/28/2025,
Tillikum,Orcas,Shaw,19:00,19:00,19:09,12/28/2025,
Tillikum,Shaw,Lopez,19:15,19:15,19:35,12/28/2025,
Tillikum,Lopez,Shaw,19:45,19:45,20:05,12/28/2025,
Tillikum,Shaw,Orcas,20:10,20:10,20:18,12/28/2025,
Tillikum,Orcas,Friday Harbor,20:30,20:30,21:11,12/28/2025,
Tillikum,Friday Harbor,Lopez,06:05,06:05,06:45,12/29/2025,
Tillikum,Lopez,Shaw,06:50,06:53,07:14,12/29/2025,
Tillikum,Shaw,Orcas,07:20,07:20,07:27,12/29/2025,
Tillikum,Orcas,Friday Harbor,07:40,07:40,08:28,12/29/2025,
Tillikum,Friday Harbor,Orcas,08:45,08:46,09:32,12/29/2025,
Tillikum,Orcas,Shaw,09:45,09:45,09:53,12/29/2025,
Tillikum,Shaw,Lopez,10:00,10:00,10:21,12/29/2025,
Tillikum,Lopez,Friday Harbor,10:30,10:31,11:13,12/29/2025,
Tillikum,Friday Harbor,Orcas,11:30,11:42,12:27,12/29/2025,
Tillikum,Orcas,Shaw,12:50,12:51,12:59,12/29/2025,
Tillikum,Shaw,Lopez,13:05,13:05,13:23,12/29/2025,
Tillikum,Lopez,Friday Harbor,13:35,13:35,14:16,12/29/2025,
Tillikum,Friday Harbor,Lopez,14:30,14:30,15:09,12/29/2025,
Tillikum,Lopez,Shaw,15:20,15:20,15:39,12/29/2025,
Tillikum,Shaw,Orcas,15:45,15:45,15:53,12/29/2025,
Tillikum,Orcas,Shaw,16:05,16:07,16:14,12/29/2025,
Tillikum,Shaw,Lopez,16:20,16:20,16:38,12/29/2025,
Tillikum,Lopez,Friday Harbor,16:50,16:50,17:30,12/29/2025,
Tillikum,Friday Harbor,Orcas,17:40,17:42,18:23,12/29/2025,
Tillikum,Orcas,Shaw,19:00,19:01,19:13,12/29/2025,
Tillikum,Shaw,Lopez,19:15,19:19,19:38,12/29/2025,
Tillikum,Lopez,Shaw,19:45,19:45,20:02,12/29/2025,
Tillikum,Shaw,Orcas,20:10,20:10,20:16,12/29/2025,
Tillikum,Orcas,Friday Harbor,20:30,20:30,21:07,12/29/2025,
Tillikum,Friday Harbor,Lopez,06:05,06:05,06:41,12/30/2025,
Tillikum,Lopez,Shaw,06:50,06:50,07:12,12/30/2025,
Tillikum,Shaw,Orcas,07:20,07:20,07:28,12/30/2025,
Tillikum,Orcas,Friday Harbor,07:40,07:40,08:26,12/30/2025,
Tillikum,Friday Harbor,Orcas,08:45,08:45,09:26,12/30/2025,
Tillikum,Orcas,Shaw,09:45,09:44,09:52,12/30/2025,
Tillikum,Shaw,Lopez,10:00,10:00,10:18,12/30/2025,
Tillikum,Lopez,Friday Harbor,10:30,10:29,11:08,12/30/2025,
Tillikum,Friday Harbor,Orcas,11:30,11:44,12:28,12/30/2025,
Tillikum,Orcas,Shaw,12:50,12:50,12:59,12/30/2025,
Tillikum,Shaw,Lopez,13:05,13:05,13:24,12/30/2025,
Tillikum,Lopez,Friday Harbor,13:35,13:35,14:16,12/30/2025,
Tillikum,Friday Harbor,Lopez,14:30,14:30,15:10,12/30/2025,
Tillikum,Lopez,Shaw,15:20,15:20,15:39,12/30/2025,
Tillikum,Shaw,Orcas,15:45,15:45,15:53,12/30/2025,
Tillikum,Lopez,Friday Harbor,17:15,17:10,17:33,12/30/2025,
Tillikum,Friday Harbor,Orcas,17:40,17:43,18:39,12/30/2025,
Tillikum,Orcas,Shaw,19:00,19:00,19:08,12/30/2025,
Tillikum,Shaw,Lopez,19:15,19:15,19:35,12/30/2025,
Tillikum,Lopez,Shaw,19:45,19:45,20:04,12/30/2025,
Tillikum,Shaw,Orcas,20:10,20:10,20:18,12/30/2025,
Tillikum,Orcas,Friday Harbor,20:30,20:31,21:12,12/30/2025,
Tillikum,Friday Harbor,Lopez,06:05,06:31,07:14,12/31/2025,
Tillikum,Lopez,Shaw,06:50,07:19,07:39,12/31/2025,
Tillikum,Shaw,Orcas,07:20,07:42,07:50,12/31/2025,
Tillikum,Orcas,Friday Harbor,07:40,07:58,08:37,12/31/2025,
Tillikum,Friday Harbor,Orcas,08:45,08:47,09:29,12/31/2025,
Tillikum,Orcas,Shaw,09:45,09:45,09:52,12/31/2025,
Tillikum,Shaw,Lopez,10:00,10:00,10:21,12/31/2025,
Tillikum,Lopez,Friday Harbor,10:30,10:30,11:12,12/31/2025,
Tillikum,Friday Harbor,Orcas,11:30,11:47,12:33,12/31/2025,
Tillikum,Orcas,Shaw,12:50,12:51,13:00,12/31/2025,
Tillikum,Shaw,Lopez,13:05,13:05,13:24,12/31/2025,
Tillikum,Lopez,Friday Harbor,13:35,13:36,14:20,12/31/2025,
Tillikum,Friday Harbor,Lopez,14:30,14:32,15:10,12/31/2025,
Tillikum,Lopez,Shaw,15:20,15:39,15:43,12/31/2025,
Tillikum,Shaw,Orcas,15:45,15:55,15:58,12/31/2025,
Tillikum,Orcas,Shaw,16:05,16:07,16:14,12/31/2025,
Tillikum,Shaw,Lopez,16:20,16:21,16:40,12/31/2025,
Tillikum,Lopez,Friday Harbor,16:50,16:50,17:38,12/31/2025,
Tillikum,Friday Harbor,Orcas,17:40,17:48,18:33,12/31/2025,
Tillikum,Orcas,Shaw,19:00,19:01,19:12,12/31/2025,
Tillikum,Shaw,Lopez,19:15,19:16,19:35,12/31/2025,
Tillikum,Lopez,Shaw,19:45,19:45,20:06,12/31/2025,
Tillikum,Shaw,Orcas,20:10,20:10,20:19,12/31/2025,
Tillikum,Orcas,Friday Harbor,20:30,20:30,21:22,12/31/2025,
Tillikum,Friday Harbor,Orcas,08:45,08:45,09:30,01/01/2026,
Tillikum,Orcas,Shaw,09:45,09:48,09:55,01/01/2026,
Tillikum,Shaw,Lopez,10:00,10:00,10:20,01/01/2026,
Tillikum,Lopez,Friday Harbor,10:30,10:30,11:14,01/01/2026,
Tillikum,Friday Harbor,Orcas,11:30,11:42,12:28,01/01/2026,
Tillikum,Orcas,Shaw,12:50,12:50,12:59,01/01/2026,
Tillikum,Shaw,Lopez,13:05,13:05,13:23,01/01/2026,
Tillikum,Lopez,Friday Harbor,13:35,13:35,14:15,01/01/2026,
Tillikum,Friday Harbor,Anacortes,14:30,14:30,15:56,01/01/2026,
Tillikum,Friday Harbor,Orcas,17:40,17:55,18:39,01/01/2026,
Tillikum,Orcas,Shaw,19:00,19:00,19:09,01/01/2026,
Tillikum,Shaw,Lopez,19:15,19:15,19:34,01/01/2026,
Tillikum,Lopez,Shaw,19:45,19:45,20:09,01/01/2026,
Tillikum,Shaw,Orcas,20:10,20:11,20:19,01/01/2026,
Tillikum,Orcas,Friday Harbor,20:30,20:30,21:11,01/01/2026,
Tillikum,Friday Harbor,Lopez,06:05,06:06,06:45,01/02/2026,
Tillikum,Lopez,Shaw,06:50,06:51,07:11,01/02/2026,
Tillikum,Shaw,Orcas,07:20,07:20,07:28,01/02/2026,
Tillikum,Orcas,Friday Harbor,07:40,07:40,08:27,01/02/2026,
Tillikum,Friday Harbor,Orcas,08:45,08:45,09:29,01/02/2026,
Tillikum,Orcas,Shaw,09:45,09:45,09:53,01/02/2026,
Tillikum,Shaw,Lopez,10:00,10:00,10:19,01/02/2026,
Tillikum,Lopez,Friday Harbor,10:30,10:30,11:12,01/02/2026,
Tillikum,Friday Harbor,Orcas,11:30,11:52,12:38,01/02/2026,
Tillikum,Orcas,Shaw,12:50,12:52,13:03,01/02/2026,
Tillikum,Shaw,Lopez,13:05,13:07,13:26,01/02/2026,
Tillikum,Lopez,Friday Harbor,13:35,13:35,14:15,01/02/2026,
Tillikum,Friday Harbor,Lopez,14:30,14:31,15:18,01/02/2026,
Tillikum,Lopez,Shaw,15:20,15:25,15:44,01/02/2026,
Tillikum,Shaw,Orcas,15:45,15:49,15:57,01/02/2026,
Tillikum,Orcas,Shaw,16:05,16:07,16:14,01/02/2026,
Tillikum,Shaw,Lopez,16:20,16:19,16:39,01/02/2026,
Tillikum,Lopez,Friday Harbor,16:50,16:50,17:33,01/02/2026,
Tillikum,Friday Harbor,Orcas,17:40,17:44,18:43,01/02/2026,
Tillikum,Orcas,Shaw,19:00,19:00,19:09,01/02/2026,
Tillikum,Shaw,Lopez,19:15,19:15,19:34,01/02/2026,
Tillikum,Anacortes,Friday Harbor,22:00,22:00,23:32,01/02/2026,
Tillikum,Friday Harbor,Lopez,06:05,06:07,06:47,01/03/2026,
Tillikum,Lopez,Shaw,06:50,06:52,07:13,01/03/2026,
Tillikum,Shaw,Orcas,07:20,07:20,07:30,01/03/2026,
Tillikum,Orcas,Friday Harbor,07:40,07:41,08:29,01/03/2026,
Tillikum,Friday Harbor,Orcas,08:45,08:46,09:31,01/03/2026,
Tillikum,Orcas,Shaw,09:45,09:45,09:53,01/03/2026,
Tillikum,Shaw,Lopez,10:00,09:59,10:22,01/03/2026,
Tillikum,Lopez,Friday Harbor,10:30,10:32,11:17,01/03/2026,
Tillikum,Friday Harbor,Orcas,11:30,11:45,12:29,01/03/2026,
Tillikum,Orcas,Shaw,12:50,12:50,13:00,01/03/2026,
Tillikum,Shaw,Lopez,13:05,13:05,13:25,01/03/2026,
Tillikum,Lopez,Friday Harbor,13:35,13:35,14:14,01/03/2026,
Tillikum,Friday Harbor,Lopez,14:30,14:31,15:18,01/03/2026,
Tillikum,Lopez,Shaw,15:20,15:25,15:43,01/03/2026,
Tillikum,Shaw,Orcas,15:45,15:48,15:56,01/03/2026,
Tillikum,Orcas,Shaw,16:05,16:05,16:12,01/03/2026,
Tillikum,Shaw,Lopez,16:20,16:20,16:40,01/03/2026,
Tillikum,Lopez,Friday Harbor,16:50,16:50,17:30,01/03/2026,
Tillikum,Friday Harbor,Orcas,17:40,17:41,18:26,01/03/2026,
Tillikum,Orcas,Shaw,19:00,19:00,19:11,01/03/2026,
Tillikum,Shaw,Lopez,19:15,19:15,19:34,01/03/2026,
Tillikum,Lopez,Shaw,19:45,19:46,20:05,01/03/2026,
Tillikum,Shaw,Orcas,20:10,20:10,20:18,01/03/2026,
Tillikum,Orcas,Friday Harbor,20:30,20:30,21:19,01/03/2026,
Tillikum,Friday Harbor,Lopez,06:05,06:05,06:47,01/04/2026,
Tillikum,Lopez,Shaw,06:50,06:51,07:12,01/04/2026,
Tillikum,Shaw,Orcas,07:20,07:20,07:28,01/04/2026,
Tillikum,Orcas,Friday Harbor,07:40,07:40,08:32,01/04/2026,
Tillikum,Friday Harbor,Orcas,08:45,08:45,09:33,01/04/2026,
Tillikum,Orcas,Shaw,09:45,09:45,09:52,01/04/2026,
Tillikum,Shaw,Lopez,10:00,10:00,10:19,01/04/2026,
Tillikum,Lopez,Friday Harbor,10:30,10:30,11:17,01/04/2026,
Tillikum,Friday Harbor,Orcas,11:30,11:48,12:33,01/04/2026,
Tillikum,Orcas,Shaw,12:50,12:53,13:08,01/04/2026,
Tillikum,Shaw,Lopez,13:05,13:11,13:31,01/04/2026,
Tillikum,Lopez,Friday Harbor,13:35,13:37,14:18,01/04/2026,
Tillikum,Friday Harbor,Anacortes,14:30,14:31,16:01,01/04/2026,
Tillikum,Friday Harbor,Orcas,17:40,17:44,18:33,01/04/2026,
Tillikum,Orcas,Shaw,19:00,19:01,19:12,01/04/2026,
Tillikum,Shaw,Lopez,19:15,19:16,19:35,01/04/2026,
Tillikum,Lopez,Shaw,19:45,19:45,20:07,01/04/2026,
Tillikum,Shaw,Orcas,20:10,20:10,20:18,01/04/2026,
Tillikum,Orcas,Friday Harbor,20:30,20:30,21:20,01/04/2026,
Tillikum,Friday Harbor,Lopez,06:05,06:09,06:49,01/05/2026,
Tillikum,Lopez,Shaw,06:50,06:58,07:19,01/05/2026,
Tillikum,Shaw,Orcas,07:20,07:24,07:32,01/05/2026,
Tillikum,Orcas,Friday Harbor,07:40,07:43,08:34,01/05/2026,
Tillikum,Friday Harbor,Orcas,08:45,08:45,09:31,01/05/2026,
Tillikum,Orcas,Shaw,09:45,09:46,09:54,01/05/2026,
Tillikum,Shaw,Lopez,10:00,10:00,10:18,01/05/2026,
Tillikum,Lopez,Friday Harbor,10:30,10:30,11:13,01/05/2026,
Tillikum,Friday Harbor,Orcas,11:30,11:40,12:25,01/05/2026,
Tillikum,Orcas,Shaw,12:50,12:50,13:03,01/05/2026,
Tillikum,Shaw,Lopez,13:05,13:09,13:29,01/05/2026,
Tillikum,Lopez,Friday Harbor,13:35,13:37,14:19,01/05/2026,
Tillikum,Friday Harbor,Lopez,14:30,14:30,15:10,01/05/2026,
Tillikum,Lopez,Shaw,15:20,15:20,15:38,01/05/2026,
Tillikum,Shaw,Orcas,15:45,15:45,15:52,01/05/2026,
Tillikum,Orcas,Shaw,16:05,16:06,16:13,01/05/2026,
Tillikum,Shaw,Lopez,16:20,16:21,16:42,01/05/2026,
Tillikum,Lopez,Friday Harbor,16:50,16:50,17:32,01/05/2026,
Tillikum,Friday Harbor,Orcas,17:40,17:42,18:29,01/05/2026,
Tillikum,Orcas,Shaw,19:00,19:00,19:11,01/05/2026,
Tillikum,Shaw,Lopez,19:15,19:15,19:34,01/05/2026,
Tillikum,Lopez,Shaw,19:45,19:45,20:05,01/05/2026,
Tillikum,Shaw,Orcas,20:10,20:10,20:19,01/05/2026,
Tillikum,Orcas,Friday Harbor,20:30,20:30,21:19,01/05/2026,
Tillikum,Friday Harbor,Lopez,06:05,06:09,06:54,01/06/2026,
Tillikum,Lopez,Shaw,06:50,07:02,07:24,01/06/2026,
Tillikum,Shaw,Orcas,07:20,07:30,07:38,01/06/2026,
Tillikum,Orcas,Friday Harbor,07:40,07:51,08:40,01/06/2026,
Tillikum,Friday Harbor,Orcas,08:45,08:52,09:38,01/06/2026,
Tillikum,Orcas,Shaw,09:45,09:51,09:59,01/06/2026,
Tillikum,Shaw,Lopez,10:00,10:04,10:24,01/06/2026,
Tillikum,Lopez,Friday Harbor,10:30,10:31,11:13,01/06/2026,
Tillikum,Friday Harbor,Orcas,11:30,12:02,12:46,01/06/2026,
Tillikum,Orcas,Shaw,12:50,12:57,13:05,01/06/2026,
Tillikum,Shaw,Lopez,13:05,13:09,13:28,01/06/2026,
Tillikum,Lopez,Friday Harbor,13:35,13:35,14:18,01/06/2026,
Tillikum,Friday Harbor,Lopez,14:30,14:31,15:10,01/06/2026,
Tillikum,Lopez,Shaw,15:20,15:20,15:38,01/06/2026,
Tillikum,Shaw,Orcas,15:45,15:44,15:51,01/06/2026,
Tillikum,Orcas,Shaw,16:05,16:05,16:13,01/06/2026,
Tillikum,Shaw,Lopez,16:20,16:42,17:04,01/06/2026,
Tillikum,Lopez,Friday Harbor,16:50,17:08,17:32,01/06/2026,
Tillikum,Friday Harbor,Orcas,17:40,18:09,18:57,01/06/2026,
Tillikum,Orcas,Shaw,19:00,19:03,19:12,01/06/2026,
Tillikum,Shaw,Lopez,19:15,19:15,19:34,01/06/2026,
Tillikum,Orcas,Friday Harbor,20:30,20:30,21:21,01/06/2026,
Tillikum,Friday Harbor,Lopez,06:05,06:09,06:50,01/07/2026,
Tillikum,Lopez,Shaw,06:50,06:57,07:23,01/07/2026,
Tillikum,Shaw,Orcas,07:20,07:28,07:37,01/07/2026,
Tillikum,Orcas,Friday Harbor,07:40,07:49,08:37,01/07/2026,
Tillikum,Friday Harbor,Orcas,08:45,08:51,09:37,01/07/2026,
Tillikum,Orcas,Shaw,09:45,09:57,09:58,01/07/2026,
Tillikum,Shaw,Lopez,10:00,10:04,10:20,01/07/2026,
Tillikum,Lopez,Friday Harbor,10:30,10:30,11:13,01/07/2026,
Tillikum,Friday Harbor,Orcas,11:30,11:50,12:29,01/07/2026,
Tillikum,Orcas,Shaw,12:50,12:50,13:00,01/07/2026,
Tillikum,Shaw,Lopez,13:05,13:05,13:27,01/07/2026,
Tillikum,Lopez,Friday Harbor,13:35,13:35,14:18,01/07/2026,
Tillikum,Friday Harbor,Lopez,14:30,14:30,15:09,01/07/2026,
Tillikum,Lopez,Shaw,15:20,15:21,15:42,01/07/2026,
Tillikum,Shaw,Orcas,15:45,15:47,15:56,01/07/2026,
Tillikum,Orcas,Shaw,16:05,16:09,16:19,01/07/2026,
Tillikum,Shaw,Lopez,16:20,16:25,16:47,01/07/2026,
Tillikum,Lopez,Friday Harbor,16:50,16:56,17:46,01/07/2026,
Tillikum,Friday Harbor,Orcas,17:40,17:54,18:44,01/07/2026,
Tillikum,Orcas,Shaw,19:00,19:00,19:13,01/07/2026,
Tillikum,Shaw,Lopez,19:15,19:17,19:43,01/07/2026,
Tillikum,Friday Harbor,Lopez,06:05,06:11,06:55,01/08/2026,
Tillikum,Lopez,Shaw,06:50,07:04,07:26,01/08/2026,
Tillikum,Shaw,Orcas,07:20,07:31,07:39,01/08/2026,
Tillikum,Orcas,Friday Harbor,07:40,07:50,08:37,01/08/2026,
Tillikum,Friday Harbor,Orcas,08:45,08:53,09:38,01/08/2026,
Tillikum,Orcas,Shaw,09:45,09:50,09:58,01/08/2026,
Tillikum,Shaw,Lopez,10:00,10:03,10:23,01/08/2026,
Tillikum,Lopez,Friday Harbor,10:30,10:32,11:14,01/08/2026,
Tillikum,Friday Harbor,Orcas,11:30,11:49,12:36,01/08/2026,
Tillikum,Orcas,Shaw,12:50,12:55,13:04,01/08/2026,
Tillikum,Shaw,Lopez,13:05,13:09,13:29,01/08/2026,
Tillikum,Lopez,Friday Harbor,13:35,13:40,14:23,01/08/2026,
Tillikum,Friday Harbor,Lopez,14:30,14:38,15:17,01/08/2026,
Tillikum,Shaw,Orcas,15:45,16:08,16:12,01/08/2026,
Tillikum,Orcas,Shaw,16:05,16:07,16:07,01/08/2026,
Tillikum,Shaw,Lopez,16:20,16:26,16:43,01/08/2026,
Tillikum,Lopez,Friday Harbor,16:50,16:50,17:32,01/08/2026,
Tillikum,Friday Harbor,Orcas,17:40,17:43,18:27,01/08/2026,
Tillikum,Orcas,Shaw,19:00,19:03,19:15,01/08/2026,
Tillikum,Shaw,Lopez,19:15,19:18,19:40,01/08/2026,
Tillikum,Lopez,Shaw,19:45,19:46,20:05,01/08/2026,
Tillikum,Shaw,Orcas,20:10,20:10,20:18,01/08/2026,
Tillikum,Orcas,Friday Harbor,20:30,20:30,21:18,01/08/2026,
Tillikum,Friday Harbor,Lopez,06:05,06:10,06:54,01/09/2026,
Tillikum,Lopez,Shaw,06:50,07:00,07:18,01/09/2026,
Tillikum,Shaw,Orcas,07:20,07:23,07:32,01/09/2026,
Tillikum,Orcas,Friday Harbor,07:40,07:41,08:29,01/09/2026,
Tillikum,Friday Harbor,Orcas,08:45,08:45,09:32,01/09/2026,
Tillikum,Orcas,Shaw,09:45,09:45,09:54,01/09/2026,
Tillikum,Shaw,Lopez,10:00,10:00,10:20,01/09/2026,
Tillikum,Lopez,Friday Harbor,10:30,10:29,11:10,01/09/2026,
Tillikum,Friday Harbor,Orcas,11:30,11:47,12:33,01/09/2026,
Tillikum,Orcas,Shaw,12:50,12:51,13:00,01/09/2026,
Tillikum,Shaw,Lopez,13:05,13:05,13:26,01/09/2026,
Tillikum,Lopez,Friday Harbor,13:35,13:35,14:17,01/09/2026,
Tillikum,Friday Harbor,Lopez,14:30,14:33,15:14,01/09/2026,
Tillikum,Lopez,Shaw,15:20,15:22,15:41,01/09/2026,
Tillikum,Shaw,Orcas,15:45,15:45,15:52,01/09/2026,
Tillikum,Orcas,Shaw,16:05,16:05,16:13,01/09/2026,
Tillikum,Shaw,Lopez,16:20,16:20,16:42,01/09/2026,
Tillikum,Lopez,Friday Harbor,16:50,16:50,17:31,01/09/2026,
Tillikum,Friday Harbor,Orcas,17:40,18:01,18:46,01/09/2026,
Tillikum,Orcas,Shaw,19:00,19:01,19:10,01/09/2026,
Tillikum,Shaw,Lopez,19:15,19:14,19:34,01/09/2026,
Tillikum,Anacortes,Friday Harbor,22:00,22:34,00:02,01/09/2026,
Tillikum,Friday Harbor,Lopez,06:05,06:05,06:45,01/10/2026,
Tillikum,Lopez,Shaw,06:50,06:50,07:10,01/10/2026,
Tillikum,Shaw,Orcas,07:20,07:20,07:29,01/10/2026,
Tillikum,Orcas,Friday Harbor,07:40,07:40,08:28,01/10/2026,
Tillikum,Friday Harbor,Orcas,08:45,08:45,09:30,01/10/2026,
Tillikum,Orcas,Shaw,09:45,09:48,09:56,01/10/2026,
Tillikum,Shaw,Lopez,10:00,10:00,10:21,01/10/2026,
Tillikum,Lopez,Friday Harbor,10:30,10:30,11:12,01/10/2026,
Tillikum,Friday Harbor,Lopez,14:30,14:30,15:14,01/10/2026,
Tillikum,Lopez,Shaw,15:20,15:21,15:40,01/10/2026,
Tillikum,Shaw,Orcas,15:45,15:45,15:52,01/10/2026,
Tillikum,Orcas,Shaw,16:05,16:05,16:13,01/10/2026,
Tillikum,Shaw,Lopez,16:20,16:20,16:41,01/10/2026,
Tillikum,Lopez,Friday Harbor,16:50,16:50,17:32,01/10/2026,
Tillikum,Friday Harbor,Orcas,17:40,17:41,18:26,01/10/2026,
Tillikum,Orcas,Shaw,19:00,19:00,19:11,01/10/2026,
Tillikum,Shaw,Lopez,19:15,19:15,19:36,01/10/2026,
Tillikum,Lopez,Shaw,19:45,19:45,20:04,01/10/2026,
Tillikum,Shaw,Orcas,20:10,20:10,20:18,01/10/2026,
Tillikum,Orcas,Friday Harbor,20:30,20:30,21:17,01/10/2026,
Tillikum,Friday Harbor,Lopez,06:05,06:05,06:47,01/11/2026,
Tillikum,Lopez,Shaw,06:50,06:52,07:16,01/11/2026,
Tillikum,Shaw,Orcas,07:20,07:20,07:28,01/11/2026,
Tillikum,Orcas,Friday Harbor,07:40,07:41,08:28,01/11/2026,
Tillikum,Friday Harbor,Orcas,08:45,08:45,09:31,01/11/2026,
Tillikum,Orcas,Shaw,09:45,09:45,09:53,01/11/2026,
Tillikum,Shaw,Lopez,10:00,10:00,10:20,01/11/2026,
Tillikum,Lopez,Friday Harbor,10:30,10:30,11:10,01/11/2026,
Tillikum,Friday Harbor,Orcas,11:30,11:43,12:32,01/11/2026,
Tillikum,Orcas,Shaw,12:50,12:50,13:00,01/11/2026,
Tillikum,Shaw,Lopez,13:05,13:05,13:26,01/11/2026,
Tillikum,Lopez,Friday Harbor,13:35,13:35,14:16,01/11/2026,
Tillikum,Friday Harbor,Anacortes,14:30,14:30,15:58,01/11/2026,
Tillikum,Friday Harbor,Orcas,17:40,17:41,18:26,01/11/2026,
Tillikum,Orcas,Shaw,19:00,19:00,19:09,01/11/2026,
Tillikum,Shaw,Lopez,19:15,19:16,19:37,01/11/2026,
Tillikum,Lopez,Shaw,19:45,19:45,20:03,01/11/2026,
Tillikum,Shaw,Orcas,20:10,20:10,20:17,01/11/2026,
Tillikum,Orcas,Friday Harbor,20:30,20:30,21:11,01/11/2026,
Tillikum,Friday Harbor,Lopez,06:05,06:05,06:47,01/12/2026,
Tillikum,Lopez,Shaw,06:50,06:56,07:17,01/12/2026,
Tillikum,Shaw,Orcas,07:20,07:24,07:31,01/12/2026,
Tillikum,Orcas,Friday Harbor,07:40,07:44,08:34,01/12/2026,
Tillikum,Friday Harbor,Orcas,08:45,08:45,09:29,01/12/2026,
Tillikum,Orcas,Shaw,09:45,09:45,09:53,01/12/2026,
Tillikum,Shaw,Lopez,10:00,10:00,10:21,01/12/2026,
Tillikum,Lopez,Friday Harbor,10:30,10:30,11:11,01/12/2026,
Tillikum,Friday Harbor,Orcas,11:30,11:46,12:31,01/12/2026,
Tillikum,Orcas,Shaw,12:50,12:50,13:01,01/12/2026,
Tillikum,Shaw,Lopez,13:05,13:06,13:26,01/12/2026,
Tillikum,Lopez,Friday Harbor,13:35,13:35,14:18,01/12/2026,
Tillikum,Friday Harbor,Lopez,14:30,14:35,15:14,01/12/2026,
Tillikum,Lopez,Shaw,15:20,15:22,15:42,01/12/2026,
Tillikum,Shaw,Orcas,15:45,15:46,15:54,01/12/2026,
Tillikum,Orcas,Shaw,16:05,16:07,16:14,01/12/2026,
Tillikum,Shaw,Lopez,16:20,16:19,16:40,01/12/2026,
Tillikum,Lopez,Friday Harbor,16:50,16:50,17:31,01/12/2026,
Tillikum,Friday Harbor,Orcas,17:40,17:41,18:25,01/12/2026,
Tillikum,Orcas,Shaw,19:00,19:00,19:11,01/12/2026,
Tillikum,Shaw,Lopez,19:15,19:15,19:36,01/12/2026,
Tillikum,Lopez,Shaw,19:45,19:45,20:04,01/12/2026,
Tillikum,Shaw,Orcas,20:10,20:10,20:18,01/12/2026,
Tillikum,Orcas,Friday Harbor,20:30,20:30,21:18,01/12/2026,
Tillikum,Friday Harbor,Lopez,06:05,06:10,06:51,01/13/2026,
Tillikum,Lopez,Shaw,06:50,07:00,07:23,01/13/2026,
Tillikum,Shaw,Orcas,07:20,07:30,07:37,01/13/2026,
Tillikum,Orcas,Friday Harbor,07:40,07:50,08:37,01/13/2026,
Tillikum,Friday Harbor,Orcas,08:45,08:48,09:34,01/13/2026,
Tillikum,Orcas,Shaw,09:45,09:46,09:54,01/13/2026,
Tillikum,Shaw,Lopez,10:00,10:00,10:20,01/13/2026,
Tillikum,Lopez,Friday Harbor,10:30,10:30,11:10,01/13/2026,
Tillikum,Friday Harbor,Orcas,11:30,11:35,12:21,01/13/2026,
Tillikum,Orcas,Shaw,12:50,12:50,12:59,01/13/2026,
Tillikum,Shaw,Lopez,13:05,13:05,13:25,01/13/2026,
Tillikum,Lopez,Friday Harbor,13:35,13:35,14:15,01/13/2026,
Tillikum,Friday Harbor,Lopez,14:30,14:30,15:09,01/13/2026,
Tillikum,Lopez,Shaw,15:20,15:20,15:38,01/13/2026,
Tillikum,Shaw,Orcas,15:45,16:18,16:27,01/13/2026,
Tillikum,Shaw,Lopez,16:20,16:37,16:48,01/13/2026,
Tillikum,Orcas,Shaw,16:35,16:32,16:34,01/13/2026,
Tillikum,Lopez,Friday Harbor,16:50,16:54,17:34,01/13/2026,
Tillikum,Friday Harbor,Orcas,17:40,18:17,18:55,01/13/2026,
Tillikum,Orcas,Shaw,19:00,19:07,19:15,01/13/2026,
Tillikum,Shaw,Lopez,19:15,19:19,19:38,01/13/2026,
Tillikum,Lopez,Shaw,19:45,19:45,20:05,01/13/2026,
Tillikum,Shaw,Orcas,20:10,20:10,20:18,01/13/2026,
Tillikum,Orcas,Friday Harbor,20:30,20:31,21:09,01/13/2026,
Tillikum,Friday Harbor,Lopez,06:05,06:10,06:51,01/14/2026,
Tillikum,Lopez,Shaw,06:50,07:00,07:20,01/14/2026,
Tillikum,Shaw,Orcas,07:20,07:25,07:32,01/14/2026,
Tillikum,Orcas,Friday Harbor,07:40,07:42,08:28,01/14/2026,
Tillikum,Friday Harbor,Orcas,08:45,09:02,09:22,01/14/2026,
Tillikum,Orcas,Shaw,09:45,09:48,09:53,01/14/2026,
Tillikum,Shaw,Lopez,10:00,10:00,10:19,01/14/2026,
Tillikum,Lopez,Friday Harbor,10:30,10:30,11:09,01/14/2026,
Tillikum,Friday Harbor,Orcas,11:30,11:54,12:40,01/14/2026,
Tillikum,Orcas,Shaw,12:50,12:54,13:04,01/14/2026,
Tillikum,Shaw,Lopez,13:05,13:08,13:29,01/14/2026,
Tillikum,Lopez,Friday Harbor,13:35,13:36,14:16,01/14/2026,
Tillikum,Friday Harbor,Lopez,14:30,14:30,15:11,01/14/2026,
Tillikum,Lopez,Shaw,15:20,15:20,15:40,01/14/2026,
Tillikum,Shaw,Orcas,15:45,15:45,15:54,01/14/2026,
Tillikum,Orcas,Shaw,16:05,16:07,16:15,01/14/2026,
Tillikum,Shaw,Lopez,16:20,16:20,16:41,01/14/2026,
Tillikum,Lopez,Friday Harbor,16:50,16:50,17:32,01/14/2026,
Tillikum,Friday Harbor,Orcas,17:40,18:23,19:01,01/14/2026,
Tillikum,Orcas,Shaw,19:00,19:07,19:16,01/14/2026,
Tillikum,Shaw,Lopez,19:15,19:19,19:38,01/14/2026,
Tillikum,Lopez,Shaw,19:45,19:45,20:03,01/14/2026,
Tillikum,Shaw,Orcas,20:10,20:10,20:18,01/14/2026,
Tillikum,Orcas,Friday Harbor,20:30,20:30,21:20,01/14/2026,
Tillikum,Friday Harbor,Lopez,06:05,06:09,06:49,01/15/2026,
Tillikum,Lopez,Shaw,06:50,06:56,07:15,01/15/2026,
Tillikum,Shaw,Orcas,07:20,07:20,07:28,01/15/2026,
Tillikum,Orcas,Friday Harbor,07:40,07:42,08:31,01/15/2026,
Tillikum,Friday Harbor,Orcas,08:45,08:45,09:30,01/15/2026,
Tillikum,Orcas,Shaw,09:45,09:45,09:53,01/15/2026,
Tillikum,Shaw,Lopez,10:00,10:00,10:19,01/15/2026,
Tillikum,Lopez,Friday Harbor,10:30,10:30,11:12,01/15/2026,
Tillikum,Friday Harbor,Orcas,11:30,11:44,12:22,01/15/2026,
Tillikum,Orcas,Shaw,12:50,12:50,12:59,01/15/2026,
Tillikum,Shaw,Lopez,13:05,13:05,13:23,01/15/2026,
Tillikum,Lopez,Friday Harbor,13:35,13:36,14:17,01/15/2026,
Tillikum,Friday Harbor,Lopez,14:30,14:30,15:12,01/15/2026,
Tillikum,Lopez,Shaw,15:20,15:20,15:42,01/15/2026,
Tillikum,Shaw,Orcas,15:45,15:45,15:53,01/15/2026,
Tillikum,Shaw,Lopez,16:20,16:38,16:41,01/15/2026,
Tillikum,Orcas,Shaw,16:35,16:32,16:35,01/15/2026,
Tillikum,Lopez,Friday Harbor,16:50,16:52,17:31,01/15/2026,
Tillikum,Friday Harbor,Orcas,17:40,18:01,18:39,01/15/2026,
Tillikum,Orcas,Shaw,19:00,19:00,19:10,01/15/2026,
Tillikum,Shaw,Lopez,19:15,19:14,19:31,01/15/2026,
Tillikum,Lopez,Shaw,19:45,19:45,20:06,01/15/2026,
Tillikum,Shaw,Orcas,20:10,20:10,20:19,01/15/2026,
Tillikum,Orcas,Friday Harbor,20:30,20:30,21:09,01/15/2026,
Tillikum,Friday Harbor,Lopez,06:05,06:05,06:46,01/16/2026,
Tillikum,Lopez,Shaw,06:50,06:52,07:12,01/16/2026,
Tillikum,Shaw,Orcas,07:20,07:22,07:30,01/16/2026,
Tillikum,Orcas,Friday Harbor,07:40,07:40,08:22,01/16/2026,
Tillikum,Friday Harbor,Orcas,08:45,08:45,09:23,01/16/2026,
Tillikum,Orcas,Shaw,09:45,09:46,09:56,01/16/2026,
Tillikum,Shaw,Lopez,10:00,10:00,10:20,01/16/2026,
Tillikum,Lopez,Friday Harbor,10:30,10:30,11:09,01/16/2026,
Tillikum,Friday Harbor,Orcas,11:30,11:57,12:43,01/16/2026,
Tillikum,Orcas,Shaw,12:50,12:59,13:11,01/16/2026,
Tillikum,Shaw,Lopez,13:05,13:14,13:30,01/16/2026,
Tillikum,Lopez,Friday Harbor,13:35,13:39,14:18,01/16/2026,
Tillikum,Friday Harbor,Lopez,14:30,14:33,15:13,01/16/2026,
Tillikum,Lopez,Shaw,15:20,15:20,15:39,01/16/2026,
Tillikum,Shaw,Orcas,15:45,15:45,15:54,01/16/2026,
Tillikum,Orcas,Shaw,16:05,16:06,16:13,01/16/2026,
Tillikum,Shaw,Lopez,16:20,16:20,16:39,01/16/2026,
Tillikum,Lopez,Friday Harbor,16:50,16:50,17:31,01/16/2026,
Tillikum,Friday Harbor,Orcas,17:40,17:42,18:42,01/16/2026,
Tillikum,Orcas,Shaw,19:00,19:00,19:09,01/16/2026,
Tillikum,Shaw,Lopez,19:15,19:15,19:33,01/16/2026,
Tillikum,Anacortes,Friday Harbor,22:00,22:01,23:32,01/16/2026,
Tillikum,Friday Harbor,Lopez,06:05,06:05,06:45,01/17/2026,
Tillikum,Lopez,Shaw,06:50,06:50,07:12,01/17/2026,
Tillikum,Shaw,Orcas,07:20,07:20,07:27,01/17/2026,
Tillikum,Orcas,Friday Harbor,07:40,07:40,08:23,01/17/2026,
Tillikum,Friday Harbor,Orcas,08:45,08:45,09:24,01/17/2026,
Tillikum,Orcas,Shaw,09:45,09:45,09:53,01/17/2026,
Tillikum,Shaw,Lopez,10:00,10:00,10:20,01/17/2026,
Tillikum,Lopez,Friday Harbor,10:30,10:30,11:10,01/17/2026,
Tillikum,Friday Harbor,Orcas,11:30,11:48,12:34,01/17/2026,
Tillikum,Orcas,Shaw,12:50,12:50,12:59,01/17/2026,
Tillikum,Shaw,Lopez,13:05,13:05,13:23,01/17/2026,
Tillikum,Lopez,Friday Harbor,13:35,13:35,14:15,01/17/2026,
Tillikum,Friday Harbor,Lopez,14:30,14:30,15:12,01/17/2026,
Tillikum,Lopez,Shaw,15:20,15:20,15:39,01/17/2026,
Tillikum,Shaw,Orcas,15:45,15:45,15:54,01/17/2026,
Tillikum,Orcas,Shaw,16:05,16:05,16:12,01/17/2026,
Tillikum,Shaw,Lopez,16:20,16:20,16:38,01/17/2026,
Tillikum,Lopez,Friday Harbor,16:50,16:50,17:30,01/17/2026,
Tillikum,Friday Harbor,Orcas,17:40,17:42,18:26,01/17/2026,
Tillikum,Orcas,Shaw,19:00,19:03,19:10,01/17/2026,
Tillikum,Shaw,Lopez,19:15,19:15,19:34,01/17/2026,
Tillikum,Lopez,Shaw,19:45,19:45,20:06,01/17/2026,
Tillikum,Shaw,Orcas,20:10,20:10,20:18,01/17/2026,
Tillikum,Orcas,Friday Harbor,20:30,20:30,21:20,01/17/2026,
Tillikum,Friday Harbor,Lopez,06:05,06:05,06:48,01/18/2026,
Tillikum,Lopez,Shaw,06:50,06:53,07:18,01/18/2026,
Tillikum,Shaw,Orcas,07:20,07:22,07:30,01/18/2026,
Tillikum,Orcas,Friday Harbor,07:40,07:41,08:28,01/18/2026,
Tillikum,Friday Harbor,Orcas,08:45,08:45,09:30,01/18/2026,
Tillikum,Orcas,Shaw,09:45,09:46,09:54,01/18/2026,
Tillikum,Shaw,Lopez,10:00,10:00,10:20,01/18/2026,
Tillikum,Lopez,Friday Harbor,10:30,10:30,11:10,01/18/2026,
Tillikum,Friday Harbor,Orcas,11:30,11:53,12:48,01/18/2026,
Tillikum,Orcas,Shaw,12:50,12:56,13:05,01/18/2026,
Tillikum,Shaw,Lopez,13:05,13:10,13:29,01/18/2026,
Tillikum,Lopez,Friday Harbor,13:35,13:35,14:14,01/18/2026,
Tillikum,Friday Harbor,Anacortes,14:30,14:33,15:59,01/18/2026,
Tillikum,Friday Harbor,Orcas,17:40,17:43,18:28,01/18/2026,
Tillikum,Orcas,Shaw,19:00,19:00,19:12,01/18/2026,
Tillikum,Shaw,Lopez,19:15,19:15,19:34,01/18/2026,
Tillikum,Lopez,Shaw,19:45,19:45,20:04,01/18/2026,
Tillikum,Shaw,Orcas,20:10,20:10,20:17,01/18/2026,
Tillikum,Orcas,Friday Harbor,20:30,20:35,21:23,01/18/2026,
Tillikum,Friday Harbor,Lopez,06:05,06:09,06:48,01/19/2026,
Tillikum,Lopez,Shaw,06:50,06:58,07:18,01/19/2026,
Tillikum,Shaw,Orcas,07:20,07:24,07:33,01/19/2026,
Tillikum,Orcas,Friday Harbor,07:40,07:43,08:30,01/19/2026,
Tillikum,Friday Harbor,Orcas,08:45,08:47,09:32,01/19/2026,
Tillikum,Orcas,Shaw,09:45,09:45,09:52,01/19/2026,
Tillikum,Shaw,Lopez,10:00,10:00,10:19,01/19/2026,
Tillikum,Lopez,Friday Harbor,10:30,10:31,11:15,01/19/2026,
Tillikum,Friday Harbor,Orcas,11:30,11:45,12:30,01/19/2026,
Tillikum,Orcas,Shaw,12:50,12:50,13:00,01/19/2026,
Tillikum,Shaw,Lopez,13:05,13:06,13:24,01/19/2026,
Tillikum,Lopez,Friday Harbor,13:35,13:35,14:16,01/19/2026,
Tillikum,Friday Harbor,Lopez,14:30,14:30,15:16,01/19/2026,
Tillikum,Lopez,Shaw,15:20,15:22,15:40,01/19/2026,
Tillikum,Shaw,Orcas,15:45,15:45,15:52,01/19/2026,
Tillikum,Orcas,Shaw,16:05,16:05,16:13,01/19/2026,
Tillikum,Shaw,Lopez,16:20,16:20,16:39,01/19/2026,
Tillikum,Lopez,Friday Harbor,16:50,16:50,17:31,01/19/2026,
Tillikum,Friday Harbor,Orcas,17:40,17:46,18:31,01/19/2026,
Tillikum,Orcas,Shaw,19:00,19:07,19:16,01/19/2026,
Tillikum,Shaw,Lopez,19:15,19:19,19:37,01/19/2026,
Tillikum,Lopez,Shaw,19:45,19:45,20:05,01/19/2026,
Tillikum,Shaw,Orcas,20:10,20:10,20:18,01/19/2026,
Tillikum,Orcas,Friday Harbor,20:30,20:30,21:19,01/19/2026,
Tillikum,Friday Harbor,Lopez,06:05,06:10,06:50,01/20/2026,
Tillikum,Lopez,Shaw,06:50,06:59,07:21,01/20/2026,
Tillikum,Shaw,Orcas,07:20,07:26,07:34,01/20/2026,
Tillikum,Orcas,Friday Harbor,07:40,07:46,08:35,01/20/2026,
Tillikum,Friday Harbor,Orcas,08:45,08:45,09:32,01/20/2026,
Tillikum,Orcas,Shaw,09:45,09:47,09:55,01/20/2026,
Tillikum,Shaw,Lopez,10:00,10:00,10:20,01/20/2026,
Tillikum,Lopez,Friday Harbor,10:30,10:30,11:11,01/20/2026,
Tillikum,Friday Harbor,Orcas,11:30,11:54,12:40,01/20/2026,
Tillikum,Orcas,Shaw,12:50,12:53,13:01,01/20/2026,
Tillikum,Shaw,Lopez,13:05,13:05,13:24,01/20/2026,
Tillikum,Lopez,Friday Harbor,13:35,13:35,14:16,01/20/2026,
Tillikum,Friday Harbor,Lopez,14:30,14:30,15:12,01/20/2026,
Tillikum,Lopez,Shaw,15:20,15:21,15:40,01/20/2026,
Tillikum,Shaw,Orcas,15:45,15:49,15:58,01/20/2026,
Tillikum,Orcas,Shaw,16:05,16:13,16:27,01/20/2026,
Tillikum,Shaw,Lopez,16:20,16:27,16:40,01/20/2026,
Tillikum,Lopez,Friday Harbor,16:50,16:50,17:32,01/20/2026,
Tillikum,Friday Harbor,Orcas,17:40,17:43,18:29,01/20/2026,
Tillikum,Orcas,Shaw,19:00,19:00,19:12,01/20/2026,
Tillikum,Shaw,Lopez,19:15,19:15,19:34,01/20/2026,
Tillikum,Lopez,Shaw,19:45,19:46,20:06,01/20/2026,
Tillikum,Shaw,Orcas,20:10,20:10,20:19,01/20/2026,
Tillikum,Orcas,Friday Harbor,20:30,20:30,21:20,01/20/2026,
Tillikum,Friday Harbor,Lopez,06:05,06:12,06:53,01/21/2026,
Tillikum,Lopez,Shaw,06:50,07:03,07:21,01/21/2026,
Tillikum,Shaw,Orcas,07:20,07:27,07:35,01/21/2026,
Tillikum,Orcas,Friday Harbor,07:40,07:47,08:35,01/21/2026,
Tillikum,Friday Harbor,Orcas,08:45,08:52,09:38,01/21/2026,
Tillikum,Orcas,Shaw,09:45,09:57,09:58,01/21/2026,
Tillikum,Shaw,Lopez,10:00,10:29,10:29,01/21/2026,
Tillikum,Lopez,Friday Harbor,10:30,10:36,11:13,01/21/2026,
Tillikum,Friday Harbor,Orcas,11:30,11:42,12:26,01/21/2026,
Tillikum,Orcas,Shaw,12:50,12:50,12:59,01/21/2026,
Tillikum,Shaw,Lopez,13:05,13:05,13:25,01/21/2026,
Tillikum,Lopez,Friday Harbor,13:35,13:35,14:15,01/21/2026,
Tillikum,Friday Harbor,Lopez,14:30,14:30,15:09,01/21/2026,
Tillikum,Lopez,Shaw,15:20,15:21,15:38,01/21/2026,
Tillikum,Shaw,Orcas,15:45,15:47,15:55,01/21/2026,
Tillikum,Orcas,Shaw,16:05,16:08,16:18,01/21/2026,
Tillikum,Shaw,Lopez,16:20,16:23,16:44,01/21/2026,
Tillikum,Lopez,Friday Harbor,16:50,16:52,17:31,01/21/2026,
Tillikum,Friday Harbor,Orcas,17:40,18:02,18:48,01/21/2026,
Tillikum,Orcas,Shaw,19:00,19:00,19:09,01/21/2026,
Tillikum,Shaw,Lopez,19:15,19:15,19:33,01/21/2026,
Tillikum,Orcas,Friday Harbor,20:30,20:30,21:09,01/21/2026,
Tillikum,Friday Harbor,Lopez,06:05,06:06,06:50,01/22/2026,
Tillikum,Lopez,Shaw,06:50,07:00,07:18,01/22/2026,
Tillikum,Shaw,Orcas,07:20,07:23,07:32,01/22/2026,
Tillikum,Orcas,Friday Harbor,07:40,07:46,08:39,01/22/2026,
Tillikum,Friday Harbor,Orcas,08:45,08:50,09:29,01/22/2026,
Tillikum,Orcas,Shaw,09:45,09:45,09:53,01/22/2026,
Tillikum,Shaw,Lopez,10:00,10:00,10:20,01/22/2026,
Tillikum,Lopez,Friday Harbor,10:30,10:30,11:10,01/22/2026,
Tillikum,Friday Harbor,Orcas,11:30,11:51,12:34,01/22/2026,
Tillikum,Orcas,Shaw,12:50,12:50,13:01,01/22/2026,
Tillikum,Shaw,Lopez,13:05,13:07,13:26,01/22/2026,
Tillikum,Lopez,Friday Harbor,13:35,13:36,14:17,01/22/2026,
Tillikum,Friday Harbor,Lopez,14:30,14:37,15:15,01/22/2026,
Tillikum,Shaw,Orcas,15:45,16:27,16:27,01/22/2026,
Tillikum,Orcas,Shaw,16:05,16:13,16:18,01/22/2026,
Tillikum,Shaw,Lopez,16:20,16:35,16:46,01/22/2026,
Tillikum,Orcas,,16:35,16:28,00:00,01/22/2026,
Tillikum,Lopez,Friday Harbor,16:50,16:52,17:36,01/22/2026,
Tillikum,Friday Harbor,Orcas,17:40,17:49,18:36,01/22/2026,
Tillikum,Orcas,Shaw,19:00,19:00,19:12,01/22/2026,
Tillikum,Shaw,Lopez,19:15,19:17,19:37,01/22/2026,
Tillikum,Lopez,Shaw,19:45,19:45,20:05,01/22/2026,
Tillikum,Shaw,Orcas,20:10,20:10,20:17,01/22/2026,
Tillikum,Orcas,Friday Harbor,20:30,20:30,21:21,01/22/2026,
Tillikum,Friday Harbor,Lopez,06:05,06:06,06:48,01/23/2026,
Tillikum,Lopez,Shaw,06:50,06:57,07:13,01/23/2026,
Tillikum,Shaw,Orcas,07:20,07:20,07:30,01/23/2026,
Tillikum,Orcas,Friday Harbor,07:40,07:42,08:29,01/23/2026,
Tillikum,Friday Harbor,Orcas,08:45,08:46,09:32,01/23/2026,
Tillikum,Orcas,Shaw,09:45,09:47,09:54,01/23/2026,
Tillikum,Shaw,Lopez,10:00,10:00,10:17,01/23/2026,
Tillikum,Lopez,Friday Harbor,10:30,10:30,11:13,01/23/2026,
Tillikum,Friday Harbor,Orcas,11:30,11:48,12:33,01/23/2026,
Tillikum,Orcas,Shaw,12:50,12:50,12:59,01/23/2026,
Tillikum,Shaw,Lopez,13:05,13:05,13:23,01/23/2026,
Tillikum,Lopez,Friday Harbor,13:35,13:35,14:17,01/23/2026,
Tillikum,Friday Harbor,Lopez,14:30,14:35,15:15,01/23/2026,
Tillikum,Lopez,Shaw,15:20,15:23,15:41,01/23/2026,
Tillikum,Shaw,Orcas,15:45,15:47,15:54,01/23/2026,
Tillikum,Orcas,Shaw,16:05,16:06,16:15,01/23/2026,
Tillikum,Shaw,Lopez,16:20,16:20,16:40,01/23/2026,
Tillikum,Lopez,Friday Harbor,16:50,16:50,17:31,01/23/2026,
Tillikum,Friday Harbor,Orcas,17:40,17:42,18:42,01/23/2026,
Tillikum,Orcas,Shaw,19:00,19:00,19:10,01/23/2026,
Tillikum,Shaw,Lopez,19:15,19:15,19:35,01/23/2026,
Tillikum,Anacortes,Friday Harbor,22:00,22:02,23:34,01/23/2026,
Tillikum,Friday Harbor,Lopez,06:05,06:05,06:47,01/24/2026,
Tillikum,Lopez,Shaw,06:50,06:53,07:11,01/24/2026,
Tillikum,Shaw,Orcas,07:20,07:20,07:28,01/24/2026,
Tillikum,Orcas,Friday Harbor,07:40,07:40,08:24,01/24/2026,
Tillikum,Friday Harbor,Orcas,08:45,08:45,09:23,01/24/2026,
Tillikum,Orcas,Shaw,09:45,09:45,09:52,01/24/2026,
Tillikum,Shaw,Lopez,10:00,10:00,10:18,01/24/2026,
Tillikum,Lopez,Friday Harbor,10:30,10:30,11:11,01/24/2026,
Tillikum,Friday Harbor,Lopez,14:30,14:32,15:16,01/24/2026,
Tillikum,Lopez,Shaw,15:20,15:24,15:42,01/24/2026,
Tillikum,Shaw,Orcas,15:45,15:45,15:53,01/24/2026,
Tillikum,Orcas,Shaw,16:05,16:06,16:14,01/24/2026,
Tillikum,Shaw,Lopez,16:20,16:20,16:40,01/24/2026,
Tillikum,Lopez,Friday Harbor,16:50,16:50,17:31,01/24/2026,
Tillikum,Friday Harbor,Orcas,17:40,17:45,18:47,01/24/2026,
Tillikum,Orcas,Shaw,19:00,19:00,19:10,01/24/2026,
Tillikum,Shaw,Lopez,19:15,19:15,19:36,01/24/2026,
Tillikum,Lopez,Shaw,19:45,19:45,20:05,01/24/2026,
Tillikum,Shaw,Orcas,20:10,20:10,20:19,01/24/2026,
Tillikum,Orcas,Friday Harbor,20:30,20:31,21:17,01/24/2026,
Tillikum,Friday Harbor,Lopez,06:05,06:05,06:45,01/25/2026,
Tillikum,Lopez,Shaw,06:50,06:50,07:12,01/25/2026,
Tillikum,Shaw,Orcas,07:20,07:20,07:29,01/25/2026,
Tillikum,Orcas,Friday Harbor,07:40,07:40,08:27,01/25/2026,
Tillikum,Friday Harbor,Orcas,08:45,08:45,09:30,01/25/2026,
Tillikum,Orcas,Shaw,09:45,09:45,09:52,01/25/2026,
Tillikum,Shaw,Lopez,10:00,10:00,10:20,01/25/2026,
Tillikum,Lopez,Friday Harbor,10:30,10:30,11:10,01/25/2026,
Tillikum,Friday Harbor,Orcas,11:30,11:43,12:28,01/25/2026,
Tillikum,Orcas,Shaw,12:50,12:50,12:59,01/25/2026,
Tillikum,Shaw,Lopez,13:05,13:06,13:25,01/25/2026,
Tillikum,Lopez,Friday Harbor,13:35,13:36,14:19,01/25/2026,
Tillikum,Friday Harbor,Anacortes,14:30,14:30,15:55,01/25/2026,
Tillikum,Friday Harbor,Orcas,17:40,17:42,18:28,01/25/2026,
Tillikum,Orcas,Shaw,19:00,19:00,19:09,01/25/2026,
Tillikum,Shaw,Lopez,19:15,19:15,19:33,01/25/2026,
Tillikum,Lopez,Shaw,19:45,19:45,20:03,01/25/2026,
Tillikum,Shaw,Orcas,20:10,20:10,20:18,01/25/2026,
Tillikum,Orcas,Friday Harbor,20:30,20:30,21:08,01/25/2026,
Tillikum,Friday Harbor,Lopez,06:05,06:11,06:52,01/26/2026,
Tillikum,Lopez,Shaw,06:50,07:05,07:22,01/26/2026,
Tillikum,Shaw,Orcas,07:20,07:28,07:36,01/26/2026,
Tillikum,Orcas,Friday Harbor,07:40,07:48,08:33,01/26/2026,
Tillikum,Friday Harbor,Orcas,08:45,08:45,09:30,01/26/2026,
Tillikum,Orcas,Shaw,09:45,09:46,09:53,01/26/2026,
Tillikum,Shaw,Lopez,10:00,10:00,10:20,01/26/2026,
Tillikum,Lopez,Friday Harbor,10:30,10:31,11:12,01/26/2026,
Tillikum,Friday Harbor,Orcas,11:30,11:39,12:24,01/26/2026,
Tillikum,Orcas,Shaw,12:50,12:50,13:00,01/26/2026,
Tillikum,Shaw,Lopez,13:05,13:05,13:24,01/26/2026,
Tillikum,Lopez,Friday Harbor,13:35,13:35,14:15,01/26/2026,
Tillikum,Friday Harbor,Lopez,14:30,14:30,15:09,01/26/2026,
Tillikum,Lopez,Shaw,15:20,15:20,15:41,01/26/2026,
Tillikum,Shaw,Orcas,15:45,15:45,15:54,01/26/2026,
Tillikum,Orcas,Shaw,16:05,16:05,16:12,01/26/2026,
Tillikum,Shaw,Lopez,16:20,16:20,16:39,01/26/2026,
Tillikum,Lopez,Friday Harbor,16:50,16:51,17:33,01/26/2026,
Tillikum,Friday Harbor,Orcas,17:40,17:44,18:45,01/26/2026,
Tillikum,Orcas,Shaw,19:00,19:01,19:11,01/26/2026,
Tillikum,Shaw,Lopez,19:15,19:17,19:38,01/26/2026,
Tillikum,Lopez,Shaw,19:45,19:45,20:07,01/26/2026,
Tillikum,Shaw,Orcas,20:10,20:10,20:19,01/26/2026,
Tillikum,Orcas,Friday Harbor,20:30,20:30,21:17,01/26/2026,
Tillikum,Friday Harbor,Orcas,17:40,18:08,18:52,01/27/2026,
Tillikum,Orcas,Shaw,19:00,19:12,19:18,01/27/2026,
Tillikum,Shaw,Lopez,19:15,19:21,19:37,01/27/2026,
Tillikum,Orcas,Friday Harbor,20:30,20:30,21:15,01/27/2026,
Tillikum,Friday Harbor,Lopez,06:05,06:10,06:53,01/28/2026,
Tillikum,Lopez,Shaw,06:50,07:03,07:21,01/28/2026,
Tillikum,Shaw,Orcas,07:20,07:26,07:34,01/28/2026,
Tillikum,Orcas,Friday Harbor,07:40,07:45,08:32,01/28/2026,
Tillikum,Friday Harbor,Orcas,08:45,08:45,09:30,01/28/2026,
Tillikum,Orcas,Shaw,09:45,09:52,09:55,01/28/2026,
Tillikum,Shaw,Lopez,10:00,10:12,10:21,01/28/2026,
Tillikum,Lopez,Friday Harbor,10:30,10:30,11:10,01/28/2026,
Tillikum,Friday Harbor,Orcas,11:30,11:45,12:29,01/28/2026,
Tillikum,Orcas,Shaw,12:50,12:50,13:00,01/28/2026,
Tillikum,Shaw,Lopez,13:05,13:05,13:24,01/28/2026,
Tillikum,Lopez,Friday Harbor,13:35,13:35,14:16,01/28/2026,
Tillikum,Friday Harbor,Lopez,14:30,14:35,15:16,01/28/2026,
Tillikum,Lopez,Shaw,15:20,15:26,15:47,01/28/2026,
Tillikum,Shaw,Orcas,15:45,15:51,15:59,01/28/2026,
Tillikum,Orcas,Shaw,16:05,16:14,16:23,01/28/2026,
Tillikum,Shaw,Lopez,16:20,16:28,16:47,01/28/2026,
Tillikum,Lopez,Friday Harbor,16:50,16:55,17:37,01/28/2026,
Tillikum,Friday Harbor,Orcas,17:40,17:47,18:29,01/28/2026,
Tillikum,Orcas,Shaw,19:00,19:03,19:14,01/28/2026,
Tillikum,Shaw,Lopez,19:15,19:26,19:47,01/28/2026,
Tillikum,Lopez,Shaw,19:45,19:52,20:12,01/28/2026,
Tillikum,Shaw,Orcas,20:10,20:16,20:24,01/28/2026,
Tillikum,Orcas,Friday Harbor,20:30,20:32,21:19,01/28/2026,
Tillikum,Friday Harbor,Lopez,06:05,06:08,06:50,01/29/2026,
Tillikum,Lopez,Shaw,06:50,06:59,07:17,01/29/2026,
Tillikum,Shaw,Orcas,07:20,07:22,07:30,01/29/2026,
Tillikum,Orcas,Friday Harbor,07:40,07:45,08:32,01/29/2026,
Tillikum,Friday Harbor,Orcas,08:45,08:48,09:33,01/29/2026,
Tillikum,Orcas,Shaw,09:45,09:50,09:59,01/29/2026,
Tillikum,Shaw,Lopez,10:00,10:06,10:28,01/29/2026,
Tillikum,Lopez,Friday Harbor,10:30,10:38,11:17,01/29/2026,
Tillikum,Friday Harbor,Orcas,11:30,11:49,12:35,01/29/2026,
Tillikum,Orcas,Shaw,12:50,12:50,12:59,01/29/2026,
Tillikum,Shaw,Lopez,13:05,13:05,13:25,01/29/2026,
Tillikum,Lopez,Friday Harbor,13:35,13:35,14:15,01/29/2026,
Tillikum,Friday Harbor,Lopez,14:30,14:30,15:13,01/29/2026,
Tillikum,Lopez,Shaw,15:20,15:27,16:02,01/29/2026,
Tillikum,Shaw,Orcas,15:45,16:03,16:05,01/29/2026,
Tillikum,Orcas,Shaw,16:05,16:10,16:17,01/29/2026,
Tillikum,Shaw,Lopez,16:20,16:20,16:39,01/29/2026,
Tillikum,Lopez,Friday Harbor,16:50,16:50,17:32,01/29/2026,
Tillikum,Friday Harbor,Orcas,17:40,17:44,18:31,01/29/2026,
Tillikum,Orcas,Shaw,19:00,19:00,19:10,01/29/2026,
Tillikum,Shaw,Lopez,19:15,19:15,19:35,01/29/2026,
Tillikum,Lopez,Shaw,19:45,19:46,20:05,01/29/2026,
Tillikum,Shaw,Orcas,20:10,20:10,20:17,01/29/2026,
Tillikum,Orcas,Friday Harbor,20:30,20:30,21:09,01/29/2026,
Tillikum,Friday Harbor,Lopez,06:05,06:05,06:47,01/30/2026,
Tillikum,Lopez,Shaw,06:50,06:55,07:12,01/30/2026,
Tillikum,Shaw,Orcas,07:20,07:20,07:29,01/30/2026,
Tillikum,Orcas,Friday Harbor,07:40,07:40,08:24,01/30/2026,
Tillikum,Friday Harbor,Orcas,08:45,08:45,09:22,01/30/2026,
Tillikum,Orcas,Shaw,09:45,09:45,09:53,01/30/2026,
Tillikum,Shaw,Lopez,10:00,10:00,10:20,01/30/2026,
Tillikum,Lopez,Friday Harbor,10:30,10:30,11:11,01/30/2026,
Tillikum,Friday Harbor,Orcas,11:30,11:54,12:38,01/30/2026,
Tillikum,Orcas,Shaw,12:50,12:53,13:01,01/30/2026,
Tillikum,Shaw,Lopez,13:05,13:05,13:26,01/30/2026,
Tillikum,Lopez,Friday Harbor,13:35,13:35,14:14,01/30/2026,
Tillikum,Friday Harbor,Lopez,14:30,14:30,15:11,01/30/2026,
Tillikum,Lopez,Shaw,15:20,15:20,15:39,01/30/2026,
Tillikum,Shaw,Orcas,15:45,15:45,15:53,01/30/2026,
Tillikum,Orcas,Shaw,16:05,16:05,16:12,01/30/2026,
Tillikum,Shaw,Lopez,16:20,16:20,16:37,01/30/2026,
Tillikum,Lopez,Friday Harbor,16:50,16:50,17:31,01/30/2026,
Tillikum,Friday Harbor,Orcas,17:40,17:41,18:43,01/30/2026,
Tillikum,Orcas,Shaw,19:00,19:00,19:10,01/30/2026,
Tillikum,Shaw,Lopez,19:15,19:16,19:35,01/30/2026,
Tillikum,Anacortes,Friday Harbor,22:00,22:00,23:28,01/30/2026,
Tillikum,Friday Harbor,Orcas,11:30,11:33,12:17,01/31/2026,
Tillikum,Orcas,Shaw,12:50,12:50,13:00,01/31/2026,
Tillikum,Shaw,Lopez,13:05,13:05,13:25,01/31/2026,
Tillikum,Lopez,Friday Harbor,13:35,13:35,14:15,01/31/2026,
Tillikum,Friday Harbor,Lopez,14:30,14:30,15:17,01/31/2026,
Tillikum,Lopez,Shaw,15:20,15:22,15:41,01/31/2026,
Tillikum,Shaw,Orcas,15:45,15:45,15:53,01/31/2026,
Tillikum,Orcas,Shaw,16:05,16:05,16:13,01/31/2026,
Tillikum,Shaw,Lopez,16:20,16:20,16:38,01/31/2026,
Tillikum,Lopez,Friday Harbor,16:50,16:50,17:31,01/31/2026,
Tillikum,Friday Harbor,Orcas,17:40,17:44,18:28,01/31/2026,
Tillikum,Orcas,Shaw,19:00,19:03,19:13,01/31/2026,
Tillikum,Shaw,Lopez,19:15,19:16,19:36,01/31/2026,
Tillikum,Lopez,Shaw,19:45,19:45,20:04,01/31/2026,
Tillikum,Shaw,Orcas,20:10,20:10,20:18,01/31/2026,
Tillikum,Orcas,Friday Harbor,20:30,20:30,21:59,01/31/2026,
Tillikum,Friday Harbor,Lopez,06:05,06:06,06:46,02/01/2026,
Tillikum,Lopez,Shaw,06:50,06:51,07:12,02/01/2026,
Tillikum,Shaw,Orcas,07:20,07:20,07:28,02/01/2026,
Tillikum,Orcas,Friday Harbor,07:40,07:40,08:28,02/01/2026,
Tillikum,Friday Harbor,Orcas,08:45,08:45,09:29,02/01/2026,
Tillikum,Orcas,Shaw,09:45,09:45,09:53,02/01/2026,
Tillikum,Shaw,Lopez,10:00,10:00,10:20,02/01/2026,
Tillikum,Lopez,Friday Harbor,10:30,10:30,11:12,02/01/2026,
Tillikum,Friday Harbor,Orcas,11:30,11:54,12:37,02/01/2026,
Tillikum,Orcas,Shaw,12:50,12:50,13:01,02/01/2026,
Tillikum,Shaw,Lopez,13:05,13:05,13:24,02/01/2026,
Tillikum,Lopez,Friday Harbor,13:35,13:35,14:13,02/01/2026,
Tillikum,Friday Harbor,Anacortes,14:30,14:31,15:59,02/01/2026,
Tillikum,Friday Harbor,Orcas,17:40,17:41,18:26,02/01/2026,
Tillikum,Orcas,Shaw,19:00,19:00,19:11,02/01/2026,
Tillikum,Shaw,Lopez,19:15,19:15,19:33,02/01/2026,
Tillikum,Lopez,Shaw,19:45,19:45,20:04,02/01/2026,
Tillikum,Shaw,Orcas,20:10,20:10,20:17,02/01/2026,
Tillikum,Orcas,Friday Harbor,20:30,20:30,21:17,02/01/2026,
Tillikum,Friday Harbor,Lopez,06:05,06:08,06:50,02/02/2026,
Tillikum,Lopez,Shaw,06:50,06:59,07:19,02/02/2026,
Tillikum,Shaw,Orcas,07:20,07:25,07:33,02/02/2026,
Tillikum,Orcas,Friday Harbor,07:40,07:46,08:33,02/02/2026,
Tillikum,Friday Harbor,Orcas,08:45,08:45,09:30,02/02/2026,
Tillikum,Orcas,Shaw,09:45,09:47,09:55,02/02/2026,
Tillikum,Shaw,Lopez,10:00,10:01,10:20,02/02/2026,
Tillikum,Lopez,Friday Harbor,10:30,10:30,11:09,02/02/2026,
Tillikum,Friday Harbor,Orcas,11:30,11:50,12:34,02/02/2026,
Tillikum,Orcas,Shaw,12:50,12:50,13:00,02/02/2026,
Tillikum,Shaw,Lopez,13:05,13:06,13:26,02/02/2026,
Tillikum,Lopez,Friday Harbor,13:35,13:34,14:14,02/02/2026,
Tillikum,Friday Harbor,Lopez,14:30,14:30,15:10,02/02/2026,
Tillikum,Lopez,Shaw,15:20,15:20,15:38,02/02/2026,
Tillikum,Shaw,Orcas,15:45,15:45,15:53,02/02/2026,
Tillikum,Orcas,Shaw,16:05,16:05,16:12,02/02/2026,
Tillikum,Shaw,Lopez,16:20,16:20,16:40,02/02/2026,
Tillikum,Lopez,Friday Harbor,16:50,16:50,17:30,02/02/2026,
Tillikum,Friday Harbor,Orcas,17:40,17:42,18:28,02/02/2026,
Tillikum,Orcas,Shaw,19:00,19:00,19:10,02/02/2026,
Tillikum,Shaw,Lopez,19:15,19:16,19:35,02/02/2026,
Tillikum,Lopez,Shaw,19:45,19:45,20:05,02/02/2026,
Tillikum,Shaw,Orcas,20:10,20:10,20:19,02/02/2026,
Tillikum,Orcas,Friday Harbor,20:30,20:30,21:19,02/02/2026,
Tillikum,Friday Harbor,Lopez,06:05,06:15,06:55,02/03/2026,
Tillikum,Lopez,Shaw,06:50,07:05,07:26,02/03/2026,
Tillikum,Shaw,Orcas,07:20,07:31,07:40,02/03/2026,
Tillikum,Orcas,Friday Harbor,07:40,07:51,08:37,02/03/2026,
Tillikum,Friday Harbor,Orcas,08:45,08:50,09:35,02/03/2026,
Tillikum,Orcas,Shaw,09:45,09:52,10:01,02/03/2026,
Tillikum,Shaw,Lopez,10:00,10:05,10:24,02/03/2026,
Tillikum,Lopez,Friday Harbor,10:30,10:35,11:16,02/03/2026,
Tillikum,Friday Harbor,Orcas,11:30,11:51,12:27,02/03/2026,
Tillikum,Orcas,Shaw,12:50,12:50,13:02,02/03/2026,
Tillikum,Shaw,Lopez,13:05,13:07,13:27,02/03/2026,
Tillikum,Lopez,Friday Harbor,13:35,13:35,14:15,02/03/2026,
Tillikum,Friday Harbor,Lopez,14:30,14:30,15:08,02/03/2026,
Tillikum,Lopez,Shaw,15:20,15:20,15:38,02/03/2026,
Tillikum,Shaw,Orcas,15:45,15:45,15:53,02/03/2026,
Tillikum,Orcas,Shaw,16:05,16:06,16:13,02/03/2026,
Tillikum,Shaw,Lopez,16:20,16:20,16:38,02/03/2026,
Tillikum,Lopez,Friday Harbor,16:50,16:50,17:29,02/03/2026,
Tillikum,Friday Harbor,Orcas,17:40,17:42,18:28,02/03/2026,
Tillikum,Orcas,Shaw,19:00,19:00,19:10,02/03/2026,
Tillikum,Shaw,Lopez,19:15,19:15,19:32,02/03/2026,
Tillikum,Lopez,Shaw,19:45,19:45,20:03,02/03/2026,
Tillikum,Shaw,Orcas,20:10,20:10,20:18,02/03/2026,
Tillikum,Orcas,Friday Harbor,20:30,20:30,21:11,02/03/2026,
Tillikum,Friday Harbor,Lopez,06:05,06:12,06:50,02/04/2026,
Tillikum,Lopez,Shaw,06:50,06:57,07:16,02/04/2026,
Tillikum,Shaw,Orcas,07:20,07:21,07:29,02/04/2026,
Tillikum,Orcas,Friday Harbor,07:40,07:41,08:29,02/04/2026,
Tillikum,Friday Harbor,Orcas,08:45,08:57,09:32,02/04/2026,
Tillikum,Orcas,Shaw,09:45,09:45,09:52,02/04/2026,
Tillikum,Shaw,Lopez,10:00,09:59,10:16,02/04/2026,
Tillikum,Lopez,Friday Harbor,10:30,10:31,11:12,02/04/2026,
Tillikum,Friday Harbor,Orcas,11:30,11:44,12:26,02/04/2026,
Tillikum,Orcas,Shaw,12:50,12:50,13:01,02/04/2026,
Tillikum,Shaw,Lopez,13:05,13:05,13:24,02/04/2026,
Tillikum,Lopez,Friday Harbor,13:35,13:35,14:13,02/04/2026,
Tillikum,Friday Harbor,Lopez,14:30,14:30,15:09,02/04/2026,
Tillikum,Lopez,Shaw,15:20,15:20,15:37,02/04/2026,
Tillikum,Shaw,Orcas,15:45,15:45,15:52,02/04/2026,
Tillikum,Orcas,Shaw,16:05,16:06,16:14,02/04/2026,
Tillikum,Shaw,Lopez,16:20,16:20,16:40,02/04/2026,
Tillikum,Lopez,Friday Harbor,16:50,16:50,17:28,02/04/2026,
Tillikum,Friday Harbor,Orcas,17:40,17:41,18:28,02/04/2026,
Tillikum,Orcas,Shaw,19:00,19:00,19:11,02/04/2026,
Tillikum,Shaw,Lopez,19:15,19:15,19:33,02/04/2026,
Tillikum,Lopez,Shaw,19:45,19:45,20:03,02/04/2026,
Tillikum,Shaw,Orcas,20:10,20:10,20:18,02/04/2026,
Tillikum,Orcas,Friday Harbor,20:30,20:30,21:08,02/04/2026,
Tillikum,Friday Harbor,Lopez,06:05,06:10,06:55,02/05/2026,
Tillikum,Lopez,Shaw,06:50,07:03,07:19,02/05/2026,
Tillikum,Shaw,Orcas,07:20,07:29,07:38,02/05/2026,
Tillikum,Orcas,Friday Harbor,07:40,07:55,08:41,02/05/2026,
Tillikum,Friday Harbor,Orcas,08:45,08:52,09:41,02/05/2026,
Tillikum,Orcas,Shaw,09:45,09:53,10:00,02/05/2026,
Tillikum,Shaw,Lopez,10:00,10:07,10:25,02/05/2026,
Tillikum,Lopez,Friday Harbor,10:30,10:33,11:13,02/05/2026,
Tillikum,Friday Harbor,Orcas,11:30,11:54,12:31,02/05/2026,
Tillikum,Orcas,Shaw,12:50,12:50,12:58,02/05/2026,
Tillikum,Shaw,Lopez,13:05,13:05,13:25,02/05/2026,
Tillikum,Lopez,Friday Harbor,13:35,13:35,14:14,02/05/2026,
Tillikum,Friday Harbor,Lopez,14:30,14:30,15:12,02/05/2026,
Tillikum,Lopez,Shaw,15:20,15:21,15:44,02/05/2026,
Tillikum,Shaw,Orcas,15:45,15:51,15:52,02/05/2026,
Tillikum,Orcas,Shaw,16:05,16:10,16:15,02/05/2026,
Tillikum,Shaw,Lopez,16:20,16:20,16:38,02/05/2026,
Tillikum,Lopez,Friday Harbor,16:50,16:49,17:29,02/05/2026,
Tillikum,Friday Harbor,Orcas,17:40,17:42,18:21,02/05/2026,
Tillikum,Orcas,Shaw,19:00,19:00,19:13,02/05/2026,
Tillikum,Shaw,Lopez,19:15,19:17,19:37,02/05/2026,
Tillikum,Lopez,Shaw,19:45,19:45,20:02,02/05/2026,
Tillikum,Shaw,Orcas,20:10,20:10,20:18,02/05/2026,
Tillikum,Orcas,Friday Harbor,20:30,20:30,21:17,02/05/2026,
Tillikum,Friday Harbor,Lopez,06:05,06:09,06:51,02/06/2026,
Tillikum,Lopez,Shaw,06:50,06:58,07:25,02/06/2026,
Tillikum,Shaw,Orcas,07:20,07:28,07:39,02/06/2026,
Tillikum,Orcas,Friday Harbor,07:40,07:49,08:47,02/06/2026,
Tillikum,Friday Harbor,Orcas,08:45,08:58,09:51,02/06/2026,
Tillikum,Orcas,Shaw,09:45,10:03,10:11,02/06/2026,
Tillikum,Shaw,Lopez,10:00,10:16,10:36,02/06/2026,
Tillikum,Lopez,Friday Harbor,10:30,10:44,11:25,02/06/2026,
Tillikum,Friday Harbor,Orcas,11:30,11:51,12:36,02/06/2026,
Tillikum,Orcas,Shaw,12:50,12:52,13:00,02/06/2026,
Tillikum,Shaw,Lopez,13:05,13:05,13:24,02/06/2026,
Tillikum,Lopez,Friday Harbor,13:35,13:36,14:17,02/06/2026,
Tillikum,Friday Harbor,Lopez,14:30,14:32,15:12,02/06/2026,
Tillikum,Lopez,Shaw,15:20,15:19,15:37,02/06/2026,
Tillikum,Shaw,Orcas,15:45,15:45,15:52,02/06/2026,
Tillikum,Orcas,Shaw,16:05,16:05,16:14,02/06/2026,
Tillikum,Shaw,Lopez,16:20,16:20,16:40,02/06/2026,
Tillikum,Lopez,Friday Harbor,16:50,16:50,17:29,02/06/2026,
Tillikum,Friday Harbor,Orcas,17:40,17:40,18:42,02/06/2026,
Tillikum,Orcas,Shaw,19:00,19:00,19:10,02/06/2026,
Tillikum,Shaw,Lopez,19:15,19:14,19:33,02/06/2026,
Tillikum,Anacortes,Friday Harbor,22:00,22:01,23:27,02/06/2026,
Tillikum,Friday Harbor,Lopez,06:05,06:06,06:49,02/07/2026,
Tillikum,Lopez,Shaw,06:50,06:54,07:12,02/07/2026,
Tillikum,Shaw,Orcas,07:20,07:20,07:28,02/07/2026,
Tillikum,Orcas,Friday Harbor,07:40,07:40,08:25,02/07/2026,
Tillikum,Friday Harbor,Orcas,08:45,08:45,09:31,02/07/2026,
Tillikum,Orcas,Shaw,09:45,09:45,09:53,02/07/2026,
Tillikum,Shaw,Lopez,10:00,10:00,10:21,02/07/2026,
Tillikum,Lopez,Friday Harbor,10:30,10:30,11:11,02/07/2026,
Tillikum,Friday Harbor,Orcas,11:30,11:46,12:30,02/07/2026,
Tillikum,Orcas,Shaw,12:50,12:50,13:00,02/07/2026,
Tillikum,Shaw,Lopez,13:05,13:05,13:26,02/07/2026,
Tillikum,Lopez,Friday Harbor,13:35,13:34,14:16,02/07/2026,
Tillikum,Friday Harbor,Lopez,14:30,14:30,15:16,02/07/2026,
Tillikum,Lopez,Shaw,15:20,15:23,15:41,02/07/2026,
Tillikum,Shaw,Orcas,15:45,15:45,15:53,02/07/2026,
Tillikum,Orcas,Shaw,16:05,16:05,16:13,02/07/2026,
Tillikum,Shaw,Lopez,16:20,16:20,16:40,02/07/2026,
Tillikum,Lopez,Friday Harbor,16:50,16:50,17:30,02/07/2026,
Tillikum,Friday Harbor,Orcas,17:40,17:40,18:24,02/07/2026,
Tillikum,Orcas,Shaw,19:00,19:00,19:10,02/07/2026,
Tillikum,Shaw,Lopez,19:15,19:15,19:36,02/07/2026,
Tillikum,Lopez,Shaw,19:45,19:45,20:04,02/07/2026,
Tillikum,Shaw,Orcas,20:10,20:10,20:18,02/07/2026,
Tillikum,Orcas,Friday Harbor,20:30,20:30,21:17,02/07/2026,
Tillikum,Friday Harbor,Lopez,06:05,06:05,06:45,02/08/2026,
Tillikum,Lopez,Shaw,06:50,06:52,07:13,02/08/2026,
Tillikum,Shaw,Orcas,07:20,07:20,07:28,02/08/2026,
Tillikum,Orcas,Friday Harbor,07:40,07:41,08:25,02/08/2026,
Tillikum,Friday Harbor,Orcas,08:45,08:45,09:30,02/08/2026,
Tillikum,Orcas,Shaw,09:45,09:45,09:52,02/08/2026,
Tillikum,Shaw,Lopez,10:00,10:00,10:19,02/08/2026,
Tillikum,Lopez,Friday Harbor,10:30,10:29,11:10,02/08/2026,
Tillikum,Friday Harbor,Orcas,11:30,11:41,12:27,02/08/2026,
Tillikum,Orcas,Shaw,12:50,12:50,13:03,02/08/2026,
Tillikum,Shaw,Lopez,13:05,13:07,13:26,02/08/2026,
Tillikum,Lopez,Friday Harbor,13:35,13:35,14:14,02/08/2026,
Tillikum,Friday Harbor,Anacortes,14:30,14:30,15:56,02/08/2026,
Tillikum,Friday Harbor,Orcas,17:40,17:42,18:27,02/08/2026,
Tillikum,Orcas,Shaw,19:00,19:00,19:11,02/08/2026,
Tillikum,Shaw,Lopez,19:15,19:14,19:34,02/08/2026,
Tillikum,Orcas,Friday Harbor,20:30,20:30,21:08,02/08/2026,
Tillikum,Friday Harbor,Lopez,06:05,06:07,06:50,02/09/2026,
Tillikum,Lopez,Shaw,06:50,06:59,07:19,02/09/2026,
Tillikum,Shaw,Orcas,07:20,07:25,07:32,02/09/2026,
Tillikum,Orcas,Friday Harbor,07:40,07:45,08:35,02/09/2026,
Tillikum,Friday Harbor,Orcas,08:45,08:48,09:34,02/09/2026,
Tillikum,Orcas,Shaw,09:45,09:48,09:56,02/09/2026,
Tillikum,Shaw,Lopez,10:00,10:02,10:21,02/09/2026,
Tillikum,Lopez,Friday Harbor,10:30,10:30,11:13,02/09/2026,
Tillikum,Friday Harbor,Orcas,11:30,11:47,12:31,02/09/2026,
Tillikum,Orcas,Shaw,12:50,12:51,13:00,02/09/2026,
Tillikum,Shaw,Lopez,13:05,13:05,13:24,02/09/2026,
Tillikum,Lopez,Friday Harbor,13:35,13:35,14:18,02/09/2026,
Tillikum,Friday Harbor,Lopez,14:30,14:30,15:10,02/09/2026,
Tillikum,Lopez,Shaw,15:20,15:20,15:38,02/09/2026,
Tillikum,Shaw,Orcas,15:45,15:45,15:52,02/09/2026,
Tillikum,Orcas,Shaw,16:05,16:05,16:14,02/09/2026,
Tillikum,Shaw,Lopez,16:20,16:20,16:40,02/09/2026,
Tillikum,Lopez,Friday Harbor,16:50,16:50,17:39,02/09/2026,
Tillikum,Friday Harbor,Orcas,17:40,17:48,18:25,02/09/2026,
Tillikum,Orcas,Shaw,19:00,19:00,19:10,02/09/2026,
Tillikum,Shaw,Lopez,19:15,19:15,19:36,02/09/2026,
Tillikum,Lopez,Shaw,19:45,19:45,20:03,02/09/2026,
Tillikum,Shaw,Orcas,20:10,20:10,20:17,02/09/2026,
Tillikum,Orcas,Friday Harbor,20:30,20:30,21:16,02/09/2026,
Tillikum,Friday Harbor,Lopez,06:05,06:06,06:46,02/10/2026,
Tillikum,Lopez,Shaw,06:50,06:56,07:17,02/10/2026,
Tillikum,Shaw,Orcas,07:20,07:24,07:32,02/10/2026,
Tillikum,Orcas,Friday Harbor,07:40,07:45,08:35,02/10/2026,
Tillikum,Friday Harbor,Orcas,08:45,08:46,09:23,02/10/2026,
Tillikum,Orcas,Shaw,09:45,09:45,09:52,02/10/2026,
Tillikum,Shaw,Lopez,10:00,10:00,10:19,02/10/2026,
Tillikum,Lopez,Friday Harbor,10:30,10:30,11:09,02/10/2026,
Tillikum,Friday Harbor,Orcas,11:30,11:43,12:28,02/10/2026,
Tillikum,Orcas,Shaw,12:50,12:50,13:00,02/10/2026,
Tillikum,Shaw,Lopez,13:05,13:05,13:24,02/10/2026,
Tillikum,Lopez,Friday Harbor,13:35,13:34,14:14,02/10/2026,
Tillikum,Friday Harbor,Lopez,14:30,14:30,15:08,02/10/2026,
Tillikum,Lopez,Shaw,15:20,15:20,15:38,02/10/2026,
Tillikum,Shaw,Orcas,15:45,15:49,15:52,02/10/2026,
Tillikum,Orcas,Shaw,16:05,16:11,16:17,02/10/2026,
Tillikum,Shaw,Lopez,16:20,16:22,16:40,02/10/2026,
Tillikum,Lopez,Friday Harbor,16:50,16:50,17:31,02/10/2026,
Tillikum,Friday Harbor,Orcas,17:40,17:44,18:30,02/10/2026,
Tillikum,Orcas,Shaw,19:00,19:00,19:10,02/10/2026,
Tillikum,Shaw,Lopez,19:15,19:15,19:34,02/10/2026,
Tillikum,Lopez,Shaw,19:45,19:45,20:04,02/10/2026,
Tillikum,Shaw,Orcas,20:10,20:10,20:18,02/10/2026,
Tillikum,Orcas,Friday Harbor,20:30,20:30,21:09,02/10/2026,
Tillikum,Friday Harbor,Lopez,06:05,06:07,06:47,02/11/2026,
Tillikum,Lopez,Shaw,06:50,06:57,07:16,02/11/2026,
Tillikum,Shaw,Orcas,07:20,07:22,07:30,02/11/2026,
Tillikum,Orcas,Friday Harbor,07:40,07:43,08:34,02/11/2026,
Tillikum,Friday Harbor,Orcas,08:45,08:47,09:32,02/11/2026,
Tillikum,Orcas,Shaw,09:45,09:46,09:53,02/11/2026,
Tillikum,Shaw,Lopez,10:00,10:00,10:20,02/11/2026,
Tillikum,Lopez,Friday Harbor,10:30,10:30,11:12,02/11/2026,
Tillikum,Friday Harbor,Orcas,11:30,11:58,12:36,02/11/2026,
Tillikum,Orcas,Shaw,12:50,12:53,13:04,02/11/2026,
Tillikum,Shaw,Lopez,13:05,13:09,13:23,02/11/2026,
Tillikum,Lopez,Friday Harbor,13:35,13:35,14:15,02/11/2026,
Tillikum,Friday Harbor,Lopez,14:30,14:31,15:08,02/11/2026,
Tillikum,Lopez,Shaw,15:20,15:20,15:38,02/11/2026,
Tillikum,Shaw,Orcas,15:45,15:45,15:54,02/11/2026,
Tillikum,Orcas,Shaw,16:05,16:07,16:15,02/11/2026,
Tillikum,Shaw,Lopez,16:20,16:20,16:40,02/11/2026,
Tillikum,Lopez,Friday Harbor,16:50,16:50,17:29,02/11/2026,
Tillikum,Friday Harbor,Orcas,17:40,17:41,18:28,02/11/2026,
Tillikum,Orcas,Shaw,19:00,19:00,19:11,02/11/2026,
Tillikum,Shaw,Lopez,19:15,19:15,19:35,02/11/2026,
Tillikum,Lopez,Shaw,19:45,19:45,20:03,02/11/2026,
Tillikum,Shaw,Orcas,20:10,20:10,20:17,02/11/2026,
Tillikum,Orcas,Friday Harbor,20:30,20:30,21:20,02/11/2026,
Tillikum,Friday Harbor,Lopez,06:05,06:10,06:48,02/12/2026,
Tillikum,Lopez,Shaw,06:50,06:59,07:16,02/12/2026,
Tillikum,Shaw,Orcas,07:20,07:22,07:29,02/12/2026,
Tillikum,Orcas,Friday Harbor,07:40,07:42,08:31,02/12/2026,
Tillikum,Friday Harbor,Orcas,08:45,08:47,09:32,02/12/2026,
Tillikum,Orcas,Shaw,09:45,09:47,09:55,02/12/2026,
Tillikum,Shaw,Lopez,10:00,10:01,10:21,02/12/2026,
Tillikum,Lopez,Friday Harbor,10:30,10:30,11:11,02/12/2026,
Tillikum,Friday Harbor,Orcas,11:30,11:41,12:28,02/12/2026,
Tillikum,Orcas,Shaw,12:50,12:52,13:01,02/12/2026,
Tillikum,Shaw,Lopez,13:05,13:07,13:27,02/12/2026,
Tillikum,Lopez,Friday Harbor,13:35,13:35,14:15,02/12/2026,
Tillikum,Friday Harbor,Lopez,14:30,14:30,15:11,02/12/2026,
Tillikum,Lopez,Shaw,15:20,15:20,15:38,02/12/2026,
Tillikum,Shaw,Orcas,15:45,15:54,16:01,02/12/2026,
Tillikum,Orcas,Shaw,16:05,16:20,16:24,02/12/2026,
Tillikum,Shaw,Lopez,16:20,16:27,16:39,02/12/2026,
Tillikum,Lopez,Friday Harbor,16:50,16:50,17:30,02/12/2026,
Tillikum,Friday Harbor,Orcas,17:40,17:44,18:31,02/12/2026,
Tillikum,Orcas,Shaw,19:00,19:00,19:10,02/12/2026,
Tillikum,Shaw,Lopez,19:15,19:15,19:33,02/12/2026,
Tillikum,Lopez,Shaw,19:45,19:45,20:04,02/12/2026,
Tillikum,Shaw,Orcas,20:10,20:10,20:17,02/12/2026,
Tillikum,Orcas,Friday Harbor,20:30,20:30,21:09,02/12/2026,
Tillikum,Friday Harbor,Lopez,06:05,06:05,06:47,02/13/2026,
Tillikum,Lopez,Shaw,06:50,06:54,07:12,02/13/2026,
Tillikum,Shaw,Orcas,07:20,07:20,07:28,02/13/2026,
Tillikum,Orcas,Friday Harbor,07:40,07:43,08:25,02/13/2026,
Tillikum,Friday Harbor,Orcas,08:45,08:45,09:31,02/13/2026,
Tillikum,Orcas,Shaw,09:45,09:45,09:53,02/13/2026,
Tillikum,Shaw,Lopez,10:00,10:00,10:19,02/13/2026,
Tillikum,Lopez,Friday Harbor,10:30,10:30,11:12,02/13/2026,
Tillikum,Friday Harbor,Orcas,11:30,11:52,12:36,02/13/2026,
Tillikum,Orcas,Shaw,12:50,12:50,13:02,02/13/2026,
Tillikum,Shaw,Lopez,13:05,13:07,13:25,02/13/2026,
Tillikum,Lopez,Friday Harbor,13:35,13:35,14:16,02/13/2026,
Tillikum,Friday Harbor,Lopez,14:30,14:34,15:14,02/13/2026,
Tillikum,Lopez,Shaw,15:20,15:23,15:42,02/13/2026,
Tillikum,Shaw,Orcas,15:45,15:47,15:56,02/13/2026,
Tillikum,Orcas,Shaw,16:05,16:07,16:15,02/13/2026,
Tillikum,Shaw,Lopez,16:20,16:20,16:38,02/13/2026,
Tillikum,Lopez,Friday Harbor,16:50,16:50,17:31,02/13/2026,
Tillikum,Friday Harbor,Orcas,17:40,17:42,18:42,02/13/2026,
Tillikum,Orcas,Shaw,19:00,19:00,19:13,02/13/2026,
Tillikum,Shaw,Lopez,19:15,19:16,19:35,02/13/2026,
Tillikum,Anacortes,Friday Harbor,22:00,22:22,23:44,02/13/2026,
Tillikum,Friday Harbor,Lopez,06:05,06:06,06:46,02/14/2026,
Tillikum,Lopez,Shaw,06:50,06:50,07:11,02/14/2026,
Tillikum,Shaw,Orcas,07:20,07:21,07:28,02/14/2026,
Tillikum,Orcas,Friday Harbor,07:40,07:41,08:28,02/14/2026,
Tillikum,Friday Harbor,Orcas,08:45,08:46,09:30,02/14/2026,
Tillikum,Orcas,Shaw,09:45,09:46,09:53,02/14/2026,
Tillikum,Shaw,Lopez,10:00,09:59,10:18,02/14/2026,
Tillikum,Lopez,Friday Harbor,10:30,10:30,11:08,02/14/2026,
Tillikum,Friday Harbor,Orcas,11:30,11:54,12:40,02/14/2026,
Tillikum,Orcas,Shaw,12:50,12:53,13:02,02/14/2026,
Tillikum,Shaw,Lopez,13:05,13:06,13:26,02/14/2026,
Tillikum,Lopez,Friday Harbor,13:35,13:35,14:15,02/14/2026,
Tillikum,Friday Harbor,Lopez,14:30,14:30,15:16,02/14/2026,
Tillikum,Lopez,Shaw,15:20,15:23,15:42,02/14/2026,
Tillikum,Shaw,Orcas,15:45,15:46,15:54,02/14/2026,
Tillikum,Orcas,Shaw,16:05,16:05,16:12,02/14/2026,
Tillikum,Shaw,Lopez,16:20,16:20,16:37,02/14/2026,
Tillikum,Lopez,Friday Harbor,16:50,16:50,17:34,02/14/2026,
Tillikum,Friday Harbor,Orcas,17:40,17:44,18:29,02/14/2026,
Tillikum,Orcas,Shaw,19:00,19:03,19:13,02/14/2026,
Tillikum,Shaw,Lopez,19:15,19:15,19:34,02/14/2026,
Tillikum,Lopez,Shaw,19:45,19:45,20:04,02/14/2026,
Tillikum,Shaw,Orcas,20:10,20:10,20:18,02/14/2026,
Tillikum,Orcas,Friday Harbor,20:30,20:31,21:20,02/14/2026,
Tillikum,Friday Harbor,Lopez,06:05,06:05,06:43,02/15/2026,
Tillikum,Lopez,Shaw,06:50,06:50,07:12,02/15/2026,
Tillikum,Shaw,Orcas,07:20,07:20,07:29,02/15/2026,
Tillikum,Orcas,Friday Harbor,07:40,07:41,08:28,02/15/2026,
Tillikum,Friday Harbor,Orcas,08:45,08:45,09:30,02/15/2026,
Tillikum,Orcas,Shaw,09:45,09:45,09:52,02/15/2026,
Tillikum,Shaw,Lopez,10:00,10:01,10:20,02/15/2026,
Tillikum,Lopez,Friday Harbor,10:30,10:30,11:10,02/15/2026,
Tillikum,Friday Harbor,Orcas,11:30,11:50,12:36,02/15/2026,
Tillikum,Orcas,Shaw,12:50,12:52,13:02,02/15/2026,
Tillikum,Shaw,Lopez,13:05,13:07,13:26,02/15/2026,
Tillikum,Lopez,Friday Harbor,13:35,13:35,14:14,02/15/2026,
Tillikum,Friday Harbor,Anacortes,14:30,14:33,15:58,02/15/2026,
Tillikum,Friday Harbor,Orcas,17:40,17:46,18:35,02/15/2026,
Tillikum,Orcas,Shaw,19:00,19:00,19:12,02/15/2026,
Tillikum,Shaw,Lopez,19:15,19:16,19:35,02/15/2026,
Tillikum,Lopez,Shaw,19:45,19:45,20:03,02/15/2026,
Tillikum,Shaw,Orcas,20:10,20:10,20:18,02/15/2026,
Tillikum,Orcas,Friday Harbor,20:30,20:30,21:20,02/15/2026,
Tillikum,Friday Harbor,Lopez,06:05,06:08,06:49,02/16/2026,
Tillikum,Lopez,Shaw,06:50,06:56,07:19,02/16/2026,
Tillikum,Shaw,Orcas,07:20,07:23,07:30,02/16/2026,
Tillikum,Orcas,Friday Harbor,07:40,07:40,08:27,02/16/2026,
Tillikum,Friday Harbor,Orcas,08:45,08:46,09:30,02/16/2026,
Tillikum,Orcas,Shaw,09:45,09:45,09:56,02/16/2026,
Tillikum,Shaw,Lopez,10:00,10:01,10:16,02/16/2026,
Tillikum,Lopez,Friday Harbor,10:30,10:30,11:10,02/16/2026,
Tillikum,Friday Harbor,Orcas,11:30,11:52,12:35,02/16/2026,
Tillikum,Orcas,Shaw,12:50,12:50,13:00,02/16/2026,
Tillikum,Shaw,Lopez,13:05,13:05,13:23,02/16/2026,
Tillikum,Lopez,Friday Harbor,13:35,13:35,14:14,02/16/2026,
Tillikum,Friday Harbor,Lopez,14:30,14:30,15:12,02/16/2026,
Tillikum,Lopez,Shaw,15:20,15:20,15:37,02/16/2026,
Tillikum,Shaw,Orcas,15:45,15:45,15:52,02/16/2026,
Tillikum,Orcas,Shaw,16:05,16:05,16:12,02/16/2026,
Tillikum,Shaw,Lopez,16:20,16:20,16:39,02/16/2026,
Tillikum,Lopez,Friday Harbor,16:50,16:50,17:31,02/16/2026,
Tillikum,Friday Harbor,Orcas,17:40,17:41,18:25,02/16/2026,
Tillikum,Orcas,Shaw,19:00,19:00,19:11,02/16/2026,
Tillikum,Shaw,Lopez,19:15,19:15,19:33,02/16/2026,
Tillikum,Lopez,Shaw,19:45,19:45,20:05,02/16/2026,
Tillikum,Shaw,Orcas,20:10,20:10,20:18,02/16/2026,
Tillikum,Orcas,Friday Harbor,20:30,20:30,21:08,02/16/2026,
Tillikum,Friday Harbor,Lopez,06:05,06:08,06:47,02/17/2026,
Tillikum,Lopez,Shaw,06:50,06:55,07:21,02/17/2026,
Tillikum,Shaw,Orcas,07:20,07:29,07:36,02/17/2026,
Tillikum,Orcas,Friday Harbor,07:40,07:49,08:34,02/17/2026,
Tillikum,Friday Harbor,Orcas,08:45,08:47,09:31,02/17/2026,
Tillikum,Orcas,Shaw,09:45,09:45,09:53,02/17/2026,
Tillikum,Shaw,Lopez,10:00,10:02,10:21,02/17/2026,
Tillikum,Lopez,Friday Harbor,10:30,10:30,11:10,02/17/2026,
Tillikum,Friday Harbor,Orcas,11:30,11:53,12:38,02/17/2026,
Tillikum,Orcas,Shaw,12:50,12:59,13:07,02/17/2026,
Tillikum,Shaw,Lopez,13:05,13:11,13:31,02/17/2026,
Tillikum,Lopez,Friday Harbor,13:35,13:38,14:18,02/17/2026,
Tillikum,Friday Harbor,Lopez,14:30,14:40,15:20,02/17/2026,
Tillikum,Lopez,Shaw,15:20,15:39,15:46,02/17/2026,
Tillikum,Shaw,Orcas,15:45,15:59,16:02,02/17/2026,
Tillikum,Orcas,Shaw,16:05,16:10,16:18,02/17/2026,
Tillikum,Shaw,Lopez,16:20,16:23,16:41,02/17/2026,
Tillikum,Lopez,Friday Harbor,16:50,16:50,17:28,02/17/2026,
Tillikum,Friday Harbor,Lopez,06:05,06:07,06:49,02/18/2026,
Tillikum,Lopez,Shaw,06:50,06:57,07:15,02/18/2026,
Tillikum,Shaw,Orcas,07:20,07:21,07:30,02/18/2026,
Tillikum,Orcas,Friday Harbor,07:40,07:40,08:38,02/18/2026,
Tillikum,Friday Harbor,Orcas,08:45,09:12,09:33,02/18/2026,
Tillikum,Orcas,Shaw,09:45,09:48,09:54,02/18/2026,
Tillikum,Shaw,Lopez,10:00,10:00,10:17,02/18/2026,
Tillikum,Lopez,Friday Harbor,10:30,10:30,11:13,02/18/2026,
Tillikum,Friday Harbor,Orcas,11:30,11:32,12:20,02/18/2026,
Tillikum,Orcas,Shaw,12:50,12:52,13:00,02/18/2026,
Tillikum,Shaw,Lopez,13:05,13:05,13:25,02/18/2026,
Tillikum,Lopez,Friday Harbor,13:35,13:35,14:15,02/18/2026,
Tillikum,Friday Harbor,Lopez,14:30,14:30,15:13,02/18/2026,
Tillikum,Lopez,Shaw,15:20,15:20,15:38,02/18/2026,
Tillikum,Shaw,Orcas,15:45,15:45,15:52,02/18/2026,
Tillikum,Orcas,Shaw,16:05,16:05,16:14,02/18/2026,
Tillikum,Shaw,Lopez,16:20,16:20,16:40,02/18/2026,
Tillikum,Lopez,Friday Harbor,16:50,16:50,17:28,02/18/2026,
Tillikum,Friday Harbor,Orcas,17:40,18:06,18:53,02/18/2026,
Tillikum,Orcas,Shaw,19:00,19:03,19:16,02/18/2026,
Tillikum,Shaw,Lopez,19:15,19:21,19:39,02/18/2026,
Tillikum,Orcas,Friday Harbor,20:30,20:30,21:08,02/18/2026,
Tillikum,Friday Harbor,Lopez,06:05,06:07,06:50,02/19/2026,
Tillikum,Lopez,Shaw,06:50,06:56,07:14,02/19/2026,
Tillikum,Shaw,Orcas,07:20,07:20,07:28,02/19/2026,
Tillikum,Orcas,Friday Harbor,07:40,07:39,08:25,02/19/2026,
Tillikum,Friday Harbor,Orcas,08:45,08:45,09:24,02/19/2026,
Tillikum,Orcas,Shaw,09:45,09:45,09:52,02/19/2026,
Tillikum,Shaw,Lopez,10:00,10:00,10:17,02/19/2026,
Tillikum,Lopez,Friday Harbor,10:30,10:34,11:15,02/19/2026,
Tillikum,Friday Harbor,Orcas,11:30,12:06,12:45,02/19/2026,
Tillikum,Orcas,Shaw,12:50,12:59,13:09,02/19/2026,
Tillikum,Shaw,Lopez,13:05,13:14,13:32,02/19/2026,
Tillikum,Lopez,Friday Harbor,13:35,13:39,14:20,02/19/2026,
Tillikum,Friday Harbor,Lopez,14:30,14:33,15:13,02/19/2026,
Tillikum,Lopez,Shaw,15:20,15:20,15:38,02/19/2026,
Tillikum,Shaw,Orcas,15:45,15:45,15:52,02/19/2026,
Tillikum,Orcas,Shaw,16:05,16:05,16:13,02/19/2026,
Tillikum,Shaw,Lopez,16:20,16:20,16:39,02/19/2026,
Tillikum,Lopez,Friday Harbor,16:50,16:50,17:28,02/19/2026,
Tillikum,Friday Harbor,Orcas,17:40,17:40,18:17,02/19/2026,
Tillikum,Orcas,Shaw,19:00,19:00,19:09,02/19/2026,
Tillikum,Shaw,Lopez,19:15,19:15,19:33,02/19/2026,
Tillikum,Lopez,Shaw,19:45,19:45,20:04,02/19/2026,
Tillikum,Shaw,Orcas,20:10,20:11,20:19,02/19/2026,
Tillikum,Orcas,Friday Harbor,20:30,20:30,21:15,02/19/2026,
Tillikum,Friday Harbor,Lopez,06:05,06:06,06:46,02/20/2026,
Tillikum,Lopez,Shaw,06:50,06:52,07:18,02/20/2026,
Tillikum,Shaw,Orcas,07:20,07:21,07:29,02/20/2026,
Tillikum,Orcas,Friday Harbor,07:40,07:40,08:26,02/20/2026,
Tillikum,Friday Harbor,Orcas,08:45,08:45,09:30,02/20/2026,
Tillikum,Orcas,Shaw,09:45,09:45,09:52,02/20/2026,
Tillikum,Shaw,Lopez,10:00,10:00,10:19,02/20/2026,
Tillikum,Lopez,Friday Harbor,10:30,10:30,11:12,02/20/2026,
Tillikum,Friday Harbor,Orcas,11:30,11:34,12:18,02/20/2026,
Tillikum,Orcas,Shaw,12:50,12:55,13:06,02/20/2026,
Tillikum,Shaw,Lopez,13:05,13:10,13:30,02/20/2026,
Tillikum,Lopez,Friday Harbor,13:35,13:38,14:19,02/20/2026,
Tillikum,Friday Harbor,Lopez,14:30,14:32,15:13,02/20/2026,
Tillikum,Lopez,Shaw,15:20,15:23,15:40,02/20/2026,
Tillikum,Shaw,Orcas,15:45,15:45,15:52,02/20/2026,
Tillikum,Orcas,Shaw,16:05,16:05,16:13,02/20/2026,
Tillikum,Shaw,Lopez,16:20,16:20,16:41,02/20/2026,
Tillikum,Lopez,Friday Harbor,16:50,16:50,17:28,02/20/2026,
Tillikum,Friday Harbor,Orcas,17:40,17:59,18:37,02/20/2026,
Tillikum,Orcas,Shaw,19:00,19:00,19:09,02/20/2026,
Tillikum,Shaw,Lopez,19:15,19:15,19:34,02/20/2026,
Tillikum,Lopez,Anacortes,20:20,19:42,20:35,02/20/2026,
Tillikum,Anacortes,Friday Harbor,22:00,22:07,23:37,02/20/2026,
Tillikum,Friday Harbor,Lopez,06:05,06:05,06:47,02/21/2026,
Tillikum,Lopez,Shaw,06:50,06:52,07:12,02/21/2026,
Tillikum,Shaw,Orcas,07:20,07:20,07:28,02/21/2026,
Tillikum,Orcas,Friday Harbor,07:40,07:40,08:26,02/21/2026,
Tillikum,Friday Harbor,Orcas,08:45,08:45,09:24,02/21/2026,
Tillikum,Orcas,Shaw,09:45,09:45,09:53,02/21/2026,
Tillikum,Shaw,Lopez,10:00,10:00,10:19,02/21/2026,
Tillikum,Lopez,Friday Harbor,10:30,10:30,11:12,02/21/2026,
Tillikum,Friday Harbor,Orcas,11:30,11:30,12:08,02/21/2026,
Tillikum,Orcas,Shaw,12:50,12:50,13:00,02/21/2026,
Tillikum,Shaw,Lopez,13:05,13:05,13:25,02/21/2026,
Tillikum,Lopez,Friday Harbor,13:35,13:35,14:17,02/21/2026,
Tillikum,Friday Harbor,Lopez,14:30,14:32,15:13,02/21/2026,
Tillikum,Lopez,Shaw,15:20,15:22,15:40,02/21/2026,
Tillikum,Shaw,Orcas,15:45,15:44,15:51,02/21/2026,
Tillikum,Orcas,Shaw,16:05,16:05,16:12,02/21/2026,
Tillikum,Shaw,Lopez,16:20,16:20,16:39,02/21/2026,
Tillikum,Lopez,Friday Harbor,16:50,16:50,17:30,02/21/2026,
Tillikum,Friday Harbor,Orcas,17:40,17:40,18:29,02/21/2026,
Tillikum,Orcas,Shaw,19:00,19:00,19:11,02/21/2026,
Tillikum,Shaw,Lopez,19:15,19:15,19:35,02/21/2026,
Tillikum,Lopez,Shaw,19:45,19:46,20:04,02/21/2026,
Tillikum,Shaw,Orcas,20:10,20:10,20:18,02/21/2026,
Tillikum,Orcas,Friday Harbor,20:30,20:30,21:17,02/21/2026,
Tillikum,Friday Harbor,Lopez,06:05,06:06,06:48,02/22/2026,
Tillikum,Lopez,Shaw,06:50,06:54,07:18,02/22/2026,
Tillikum,Shaw,Orcas,07:20,07:20,07:29,02/22/2026,
Tillikum,Orcas,Friday Harbor,07:40,07:40,08:26,02/22/2026,
Tillikum,Friday Harbor,Orcas,08:45,08:45,09:31,02/22/2026,
Tillikum,Orcas,Shaw,09:45,09:44,09:52,02/22/2026,
Tillikum,Shaw,Lopez,10:00,09:56,10:15,02/22/2026,
Tillikum,Lopez,Friday Harbor,10:30,10:30,11:12,02/22/2026,
Tillikum,Friday Harbor,Orcas,11:30,11:44,12:23,02/22/2026,
Tillikum,Orcas,Shaw,12:50,12:50,13:00,02/22/2026,
Tillikum,Shaw,Lopez,13:05,13:05,13:25,02/22/2026,
Tillikum,Lopez,Friday Harbor,13:35,13:35,14:18,02/22/2026,
Tillikum,Friday Harbor,Anacortes,14:30,14:32,16:04,02/22/2026,
Tillikum,Friday Harbor,Orcas,17:40,17:54,18:41,02/22/2026,
Tillikum,Orcas,Shaw,19:00,19:00,19:10,02/22/2026,
Tillikum,Shaw,Lopez,19:15,19:16,19:35,02/22/2026,
Tillikum,Lopez,Shaw,19:45,19:45,20:03,02/22/2026,
Tillikum,Shaw,Orcas,20:10,20:10,20:18,02/22/2026,
Tillikum,Orcas,Friday Harbor,20:30,20:30,21:08,02/22/2026,
Tillikum,Friday Harbor,Lopez,06:05,06:06,06:49,02/23/2026,
Tillikum,Lopez,Shaw,06:50,06:56,07:13,02/23/2026,
Tillikum,Shaw,Orcas,07:20,07:21,07:30,02/23/2026,
Tillikum,Orcas,Friday Harbor,07:40,07:44,08:30,02/23/2026,
Tillikum,Friday Harbor,Orcas,08:45,08:45,09:32,02/23/2026,
Tillikum,Orcas,Shaw,09:45,09:49,09:57,02/23/2026,
Tillikum,Shaw,Lopez,10:00,10:00,10:20,02/23/2026,
Tillikum,Lopez,Friday Harbor,10:30,10:30,11:10,02/23/2026,
Tillikum,Friday Harbor,Orcas,11:30,11:44,12:28,02/23/2026,
Tillikum,Orcas,Shaw,12:50,12:57,13:05,02/23/2026,
Tillikum,Shaw,Lopez,13:05,13:09,13:28,02/23/2026,
Tillikum,Lopez,Friday Harbor,13:35,13:37,14:19,02/23/2026,
Tillikum,Friday Harbor,Lopez,14:30,14:31,15:10,02/23/2026,
Tillikum,Lopez,Shaw,15:20,15:20,15:38,02/23/2026,
Tillikum,Shaw,Orcas,15:45,15:45,15:53,02/23/2026,
Tillikum,Orcas,Shaw,16:05,16:06,16:13,02/23/2026,
Tillikum,Shaw,Lopez,16:20,16:20,16:40,02/23/2026,
Tillikum,Lopez,Friday Harbor,16:50,16:50,17:31,02/23/2026,
Tillikum,Friday Harbor,Orcas,17:40,17:42,18:27,02/23/2026,
Tillikum,Orcas,Shaw,19:00,19:00,19:11,02/23/2026,
Tillikum,Shaw,Lopez,19:15,19:15,19:35,02/23/2026,
Tillikum,Lopez,Shaw,19:45,19:45,20:03,02/23/2026,
Tillikum,Shaw,Orcas,20:10,20:10,20:18,02/23/2026,
Tillikum,Orcas,Friday Harbor,20:30,20:30,21:17,02/23/2026,
Tillikum,Friday Harbor,Lopez,06:05,06:06,06:47,02/24/2026,
Tillikum,Lopez,Shaw,06:50,06:54,07:20,02/24/2026,
Tillikum,Shaw,Orcas,07:20,07:24,07:32,02/24/2026,
Tillikum,Orcas,Friday Harbor,07:40,07:43,08:32,02/24/2026,
Tillikum,Friday Harbor,Orcas,08:45,08:46,09:38,02/24/2026,
Tillikum,Orcas,Shaw,09:45,09:45,09:52,02/24/2026,
Tillikum,Shaw,Lopez,10:00,10:00,10:18,02/24/2026,
Tillikum,Lopez,Friday Harbor,10:30,10:30,11:12,02/24/2026,
Tillikum,Friday Harbor,Orcas,11:30,11:50,12:36,02/24/2026,
Tillikum,Orcas,Shaw,12:50,12:50,12:58,02/24/2026,
Tillikum,Shaw,Lopez,13:05,13:05,13:22,02/24/2026,
Tillikum,Lopez,Friday Harbor,13:35,13:35,14:17,02/24/2026,
Tillikum,Friday Harbor,Lopez,14:30,14:31,15:10,02/24/2026,
Tillikum,Lopez,Shaw,15:20,15:22,15:38,02/24/2026,
Tillikum,Shaw,Orcas,15:45,16:11,16:15,02/24/2026,
Tillikum,Orcas,Shaw,16:05,16:21,16:26,02/24/2026,
Tillikum,Shaw,Lopez,16:20,16:29,16:41,02/24/2026,
Tillikum,Lopez,Friday Harbor,16:50,16:50,17:32,02/24/2026,
Tillikum,Friday Harbor,Orcas,17:40,17:42,18:26,02/24/2026,
Tillikum,Orcas,Shaw,19:00,19:00,19:09,02/24/2026,
Tillikum,Shaw,Lopez,19:15,19:15,19:34,02/24/2026,
Tillikum,Lopez,Shaw,19:45,19:45,20:04,02/24/2026,
Tillikum,Shaw,Orcas,20:10,20:10,20:18,02/24/2026,
Tillikum,Orcas,Friday Harbor,20:30,20:30,21:17,02/24/2026,
Tillikum,Friday Harbor,Lopez,06:05,06:08,06:47,02/25/2026,
Tillikum,Lopez,Shaw,06:50,06:55,07:16,02/25/2026,
Tillikum,Shaw,Orcas,07:20,07:22,07:31,02/25/2026,
Tillikum,Orcas,Friday Harbor,07:40,07:44,08:33,02/25/2026,
Tillikum,Friday Harbor,Orcas,08:45,08:58,09:31,02/25/2026,
Tillikum,Orcas,Shaw,09:45,09:46,09:54,02/25/2026,
Tillikum,Shaw,Lopez,10:00,10:00,10:21,02/25/2026,
Tillikum,Lopez,Friday Harbor,10:30,10:31,11:14,02/25/2026,
Tillikum,Friday Harbor,Orcas,11:30,11:51,12:39,02/25/2026,
Tillikum,Orcas,Shaw,12:50,12:51,13:01,02/25/2026,
Tillikum,Shaw,Lopez,13:05,13:05,13:25,02/25/2026,
Tillikum,Lopez,Friday Harbor,13:35,13:35,14:17,02/25/2026,
Tillikum,Friday Harbor,Lopez,14:30,14:32,15:11,02/25/2026,
Tillikum,Lopez,Shaw,15:20,15:20,15:41,02/25/2026,
Tillikum,Shaw,Orcas,15:45,15:46,15:54,02/25/2026,
Tillikum,Orcas,Shaw,16:05,16:06,16:14,02/25/2026,
Tillikum,Shaw,Lopez,16:20,16:20,16:39,02/25/2026,
Tillikum,Lopez,Friday Harbor,16:50,16:50,17:33,02/25/2026,
Tillikum,Friday Harbor,Orcas,17:40,17:47,18:31,02/25/2026,
Tillikum,Orcas,Shaw,19:00,19:10,19:21,02/25/2026,
Tillikum,Shaw,Lopez,19:15,19:27,19:48,02/25/2026,
Tillikum,Lopez,Shaw,19:45,19:54,20:14,02/25/2026,
Tillikum,Shaw,Orcas,20:10,20:18,20:25,02/25/2026,
Tillikum,Orcas,Friday Harbor,20:30,20:30,21:17,02/25/2026,
Tillikum,Friday Harbor,Lopez,06:05,06:11,06:52,02/26/2026,
Tillikum,Lopez,Shaw,06:50,06:57,07:16,02/26/2026,
Tillikum,Shaw,Orcas,07:20,07:21,07:29,02/26/2026,
Tillikum,Orcas,Friday Harbor,07:40,07:42,08:31,02/26/2026,
Tillikum,Friday Harbor,Orcas,08:45,08:45,09:30,02/26/2026,
Tillikum,Orcas,Shaw,09:45,09:45,09:53,02/26/2026,
Tillikum,Shaw,Lopez,10:00,10:02,10:23,02/26/2026,
Tillikum,Lopez,Friday Harbor,10:30,10:30,11:10,02/26/2026,
Tillikum,Friday Harbor,Orcas,11:30,11:45,12:32,02/26/2026,
Tillikum,Orcas,Shaw,12:50,12:50,13:00,02/26/2026,
Tillikum,Shaw,Lopez,13:05,13:05,13:23,02/26/2026,
Tillikum,Lopez,Friday Harbor,13:35,13:35,14:16,02/26/2026,
Tillikum,Friday Harbor,Lopez,14:30,14:32,15:11,02/26/2026,
Tillikum,Lopez,Shaw,15:20,15:20,15:40,02/26/2026,
Tillikum,Shaw,Orcas,15:45,15:47,15:54,02/26/2026,
Tillikum,Orcas,Shaw,16:05,16:10,16:18,02/26/2026,
Tillikum,Shaw,Lopez,16:20,16:24,16:42,02/26/2026,
Tillikum,Lopez,Friday Harbor,16:50,16:51,17:33,02/26/2026,
Tillikum,Friday Harbor,Orcas,17:40,17:47,18:24,02/26/2026,
Tillikum,Orcas,Shaw,19:00,19:05,19:14,02/26/2026,
Tillikum,Shaw,Lopez,19:15,19:18,19:37,02/26/2026,
Tillikum,Lopez,Shaw,19:45,19:45,20:04,02/26/2026,
Tillikum,Shaw,Orcas,20:10,20:09,20:17,02/26/2026,
Tillikum,Orcas,Friday Harbor,20:30,20:31,21:20,02/26/2026,
Tillikum,Friday Harbor,Lopez,06:05,06:07,06:47,02/27/2026,
Tillikum,Lopez,Shaw,06:50,06:53,07:13,02/27/2026,
Tillikum,Shaw,Orcas,07:20,07:21,07:30,02/27/2026,
Tillikum,Orcas,Friday Harbor,07:40,07:40,08:31,02/27/2026,
Tillikum,Friday Harbor,Orcas,08:45,08:47,09:31,02/27/2026,
Tillikum,Orcas,Shaw,09:45,09:46,09:54,02/27/2026,
Tillikum,Shaw,Lopez,10:00,10:00,10:20,02/27/2026,
Tillikum,Lopez,Friday Harbor,10:30,10:30,11:10,02/27/2026,
Tillikum,Friday Harbor,Orcas,11:30,11:58,12:44,02/27/2026,
Tillikum,Orcas,Shaw,12:50,12:54,13:03,02/27/2026,
Tillikum,Shaw,Lopez,13:05,13:09,13:28,02/27/2026,
Tillikum,Lopez,Friday Harbor,13:35,13:35,14:17,02/27/2026,
Tillikum,Friday Harbor,Lopez,14:30,14:33,15:12,02/27/2026,
Tillikum,Lopez,Shaw,15:20,15:21,15:40,02/27/2026,
Tillikum,Shaw,Orcas,15:45,15:45,15:52,02/27/2026,
Tillikum,Orcas,Shaw,16:05,16:05,16:13,02/27/2026,
Tillikum,Shaw,Lopez,16:20,16:20,16:38,02/27/2026,
Tillikum,Lopez,Friday Harbor,16:50,16:50,17:32,02/27/2026,
Tillikum,Friday Harbor,Orcas,17:40,17:41,18:41,02/27/2026,
Tillikum,Orcas,Shaw,19:00,19:00,19:09,02/27/2026,
Tillikum,Shaw,Lopez,19:15,19:15,19:36,02/27/2026,
Tillikum,Anacortes,Friday Harbor,22:00,22:02,23:31,02/27/2026,
Tillikum,Friday Harbor,Lopez,06:05,06:05,06:43,02/28/2026,
Tillikum,Lopez,Shaw,06:50,06:50,07:12,02/28/2026,
Tillikum,Shaw,Orcas,07:20,07:20,07:28,02/28/2026,
Tillikum,Orcas,Friday Harbor,07:40,07:40,08:25,02/28/2026,
Tillikum,Friday Harbor,Orcas,08:45,08:45,09:30,02/28/2026,
Tillikum,Orcas,Shaw,09:45,09:45,09:52,02/28/2026,
Tillikum,Shaw,Lopez,10:00,10:00,10:19,02/28/2026,
Tillikum,Lopez,Friday Harbor,10:30,10:30,11:09,02/28/2026,
Tillikum,Friday Harbor,Orcas,11:30,11:43,12:29,02/28/2026,
Tillikum,Orcas,Shaw,12:50,12:50,13:00,02/28/2026,
Tillikum,Shaw,Lopez,13:05,13:05,13:24,02/28/2026,
Tillikum,Lopez,Friday Harbor,13:35,13:35,14:14,02/28/2026,
Tillikum,Friday Harbor,Lopez,14:30,14:30,15:09,02/28/2026,
Tillikum,Lopez,Shaw,15:20,15:20,15:39,02/28/2026,
Tillikum,Shaw,Orcas,15:45,15:45,15:53,02/28/2026,
Tillikum,Orcas,Shaw,16:05,16:05,16:13,02/28/2026,
Tillikum,Shaw,Lopez,16:20,16:20,16:38,02/28/2026,
Tillikum,Lopez,Friday Harbor,16:50,16:50,17:35,02/28/2026,
Tillikum,Friday Harbor,Orcas,17:40,17:48,18:33,02/28/2026,
Tillikum,Orcas,Shaw,19:00,19:00,19:10,02/28/2026,
Tillikum,Shaw,Lopez,19:15,19:15,19:33,02/28/2026,
Tillikum,Lopez,Shaw,19:45,19:58,20:17,02/28/2026,
Tillikum,Shaw,Orcas,20:10,20:18,20:27,02/28/2026,
Tillikum,Orcas,Friday Harbor,20:30,20:31,21:19,02/28/2026,
Tillikum,Friday Harbor,Lopez,06:05,06:05,06:44,03/01/2026,
Tillikum,Lopez,Shaw,06:50,06:50,07:11,03/01/2026,
Tillikum,Shaw,Orcas,07:20,07:20,07:28,03/01/2026,
Tillikum,Orcas,Friday Harbor,07:40,07:40,08:28,03/01/2026,
Tillikum,Friday Harbor,Orcas,08:45,08:45,09:31,03/01/2026,
Tillikum,Orcas,Shaw,09:45,09:45,09:52,03/01/2026,
Tillikum,Shaw,Lopez,10:00,10:00,10:19,03/01/2026,
Tillikum,Lopez,Friday Harbor,10:30,10:30,11:09,03/01/2026,
Tillikum,Friday Harbor,Orcas,11:30,11:50,12:33,03/01/2026,
Tillikum,Orcas,Shaw,12:50,12:56,13:02,03/01/2026,
Tillikum,Shaw,Lopez,13:05,13:07,13:25,03/01/2026,
Tillikum,Lopez,Friday Harbor,13:35,13:36,14:15,03/01/2026,
Tillikum,Friday Harbor,Anacortes,14:30,14:38,16:03,03/01/2026,
Tillikum,Shaw,,20:10,19:26,00:00,03/01/2026,
Tillikum,Friday Harbor,Lopez,06:05,06:08,06:46,03/02/2026,
Tillikum,Lopez,Shaw,06:50,06:54,07:14,03/02/2026,
Tillikum,Shaw,Orcas,07:20,07:20,07:28,03/02/2026,
Tillikum,Orcas,Friday Harbor,07:40,07:41,08:32,03/02/2026,
Tillikum,Friday Harbor,Orcas,08:45,08:47,09:31,03/02/2026,
Tillikum,Orcas,Shaw,09:45,09:46,09:53,03/02/2026,
Tillikum,Shaw,Lopez,10:00,10:03,10:23,03/02/2026,
Tillikum,Lopez,Friday Harbor,10:30,10:30,11:10,03/02/2026,
Tillikum,Friday Harbor,Orcas,11:30,11:49,12:35,03/02/2026,
Tillikum,Orcas,Shaw,12:50,12:51,13:03,03/02/2026,
Tillikum,Shaw,Lopez,13:05,13:10,13:30,03/02/2026,
Tillikum,Lopez,Friday Harbor,13:35,13:41,14:19,03/02/2026,
Tillikum,Friday Harbor,Lopez,14:30,14:32,15:14,03/02/2026,
Tillikum,Lopez,Shaw,15:20,15:20,15:39,03/02/2026,
Tillikum,Shaw,Orcas,15:45,15:45,15:54,03/02/2026,
